
nm	Data	
440.0	9999.9	
440.2	9951	
440.4	9850	
440.6	9705	
440.8	9521	
441.0	9304	
441.2	9060	
441.4	8791	
441.6	8502	
441.8	8197	
442.0	7882	
442.2	7558	
442.4	7230	
442.6	6899	
442.8	6566	
443.0	6232	
443.2	5901	
443.4	5573	
443.6	5252	
443.8	4939	
444.0	4635	
444.2	4340	
444.4	4054	
444.6	3780	
444.8	3517	
445.0	3266	
445.2	3028	
445.4	2804	
445.6	2592	
445.8	2393	
446.0	2207	
446.2	2032	
446.4	1869	
446.6	1718	
446.8	1578	
447.0	1449	
447.2	1330	
447.4	1220	
447.6	1120	
447.8	1028	
448.0	944.5	
448.2	868.0	
448.4	798.3	
448.6	734.8	
448.8	677.0	
449.0	624.7	
449.2	577.3	
449.4	534.2	
449.6	495.1	
449.8	459.6	
450.0	427.2	
450.2	397.9	
450.4	371.3	
450.6	347.1	
450.8	325.2	
451.0	305.4	
451.2	287.4	
451.4	271.1	
451.6	256.2	
451.8	242.7	
452.0	230.5	
452.2	219.5	
452.4	209.7	
452.6	201.0	
452.8	193.0	
453.0	185.8	
453.2	179.3	
453.4	173.3	
453.6	167.9	
453.8	163.1	
454.0	158.8	
454.2	155.0	
454.4	151.7	
454.6	148.8	
454.8	146.3	
455.0	144.0	
455.2	142.0	
455.4	140.1	
455.6	138.6	
455.8	137.3	
456.0	136.3	
456.2	135.4	
456.4	134.7	
456.6	134.2	
456.8	133.8	
457.0	133.6	
457.2	133.4	
457.4	133.4	
457.6	133.5	
457.8	133.6	
458.0	133.9	
458.2	134.3	
458.4	134.8	
458.6	135.3	
458.8	135.8	
459.0	136.4	
459.2	137.0	
459.4	137.6	
459.6	138.5	
459.8	139.4	
460.0	140.4	
460.2	141.4	
460.4	142.4	
460.6	143.5	
460.8	144.6	
461.0	145.6	
461.2	146.6	
461.4	147.6	
461.6	148.6	
461.8	149.7	
462.0	150.9	
462.2	152.2	
462.4	153.5	
462.6	154.8	
462.8	156.2	
463.0	157.7	
463.2	159.1	
463.4	160.6	
463.6	162.1	
463.8	163.6	
464.0	165.1	
464.2	166.6	
464.4	168.3	
464.6	170.1	
464.8	171.8	
465.0	173.4	
465.2	174.9	
465.4	176.5	
465.6	178.2	
465.8	180.1	
466.0	182.1	
466.2	184.1	
466.4	186.1	
466.6	188.2	
466.8	190.1	
467.0	191.9	
467.2	193.8	
467.4	195.7	
467.6	197.9	
467.8	200.4	
468.0	202.9	
468.2	205.3	
468.4	207.7	
468.6	210.0	
468.8	212.6	
469.0	215.2	
469.2	217.9	
469.4	220.5	
469.6	223.0	
469.8	225.5	
470.0	227.9	
470.2	230.4	
470.4	233.0	
470.6	235.5	
470.8	238.1	
471.0	240.8	
471.2	243.4	
471.4	245.9	
471.6	248.5	
471.8	251.1	
472.0	253.9	
472.2	256.8	
472.4	259.7	
472.6	262.4	
472.8	264.9	
473.0	267.5	
473.2	270.2	
473.4	273.2	
473.6	276.4	
473.8	279.5	
474.0	282.5	
474.2	285.6	
474.4	288.7	
474.6	291.8	
474.8	295.0	
475.0	298.2	
475.2	301.4	
475.4	304.7	
475.6	308.1	
475.8	311.7	
476.0	315.4	
476.2	319.2	
476.4	322.8	
476.6	326.2	
476.8	329.4	
477.0	332.7	
477.2	336.0	
477.4	339.4	
477.6	342.7	
477.8	346.0	
478.0	349.4	
478.2	353.0	
478.4	356.7	
478.6	360.4	
478.8	364.0	
479.0	367.8	
479.2	371.6	
479.4	375.5	
479.6	379.5	
479.8	383.4	
480.0	387.3	
480.2	391.3	
480.4	395.4	
480.6	399.7	
480.8	404.2	
481.0	408.7	
481.2	413.2	
481.4	417.5	
481.6	421.9	
481.8	426.5	
482.0	431.3	
482.2	436.0	
482.4	440.7	
482.6	445.1	
482.8	449.5	
483.0	454.0	
483.2	458.5	
483.4	463.2	
483.6	468.3	
483.8	473.5	
484.0	478.7	
484.2	483.7	
484.4	488.8	
484.6	494.0	
484.8	499.4	
485.0	504.8	
485.2	510.4	
485.4	516.0	
485.6	521.6	
485.8	527.1	
486.0	532.4	
486.2	537.5	
486.4	542.7	
486.6	548.3	
486.8	554.1	
487.0	560.2	
487.2	566.2	
487.4	572.1	
487.6	578.1	
487.8	584.2	
488.0	590.6	
488.2	597.1	
488.4	603.4	
488.6	609.7	
488.8	615.7	
489.0	622.0	
489.2	628.3	
489.4	634.7	
489.6	641.3	
489.8	647.8	
490.0	654.2	
490.2	660.6	
490.4	667.1	
490.6	673.8	
490.8	680.6	
491.0	687.6	
491.2	694.5	
491.4	701.6	
491.6	708.8	
491.8	715.9	
492.0	722.6	
492.2	729.4	
492.4	736.0	
492.6	742.9	
492.8	750.0	
493.0	757.3	
493.2	764.7	
493.4	772.1	
493.6	779.6	
493.8	787.1	
494.0	794.7	
494.2	802.1	
494.4	809.4	
494.6	816.5	
494.8	823.6	
495.0	830.9	
495.2	838.6	
495.4	846.4	
495.6	854.3	
495.8	862.2	
496.0	870.1	
496.2	877.8	
496.4	885.3	
496.6	892.7	
496.8	900.3	
497.0	908.1	
497.2	916.0	
497.4	924.0	
497.6	931.6	
497.8	939.1	
498.0	946.9	
498.2	955.1	
498.4	963.5	
498.6	971.9	
498.8	980.1	
499.0	988.1	
499.2	996.1	
499.4	1004	
499.6	1013	
499.8	1021	
500.0	1029	
500.2	1038	
500.4	1046	
500.6	1055	
500.8	1064	
501.0	1073	
501.2	1081	
501.4	1089	
501.6	1097	
501.8	1105	
502.0	1113	
502.2	1121	
502.4	1130	
502.6	1138	
502.8	1147	
503.0	1155	
503.2	1163	
503.4	1171	
503.6	1179	
503.8	1188	
504.0	1196	
504.2	1205	
504.4	1214	
504.6	1223	
504.8	1231	
505.0	1240	
505.2	1248	
505.4	1257	
505.6	1265	
505.8	1274	
506.0	1283	
506.2	1291	
506.4	1300	
506.6	1310	
506.8	1318	
507.0	1326	
507.2	1335	
507.4	1344	
507.6	1354	
507.8	1363	
508.0	1372	
508.2	1381	
508.4	1389	
508.6	1397	
508.8	1406	
509.0	1414	
509.2	1422	
509.4	1431	
509.6	1440	
509.8	1448	
510.0	1457	
510.2	1466	
510.4	1475	
510.6	1484	
510.8	1493	
511.0	1501	
511.2	1510	
511.4	1519	
511.6	1527	
511.8	1535	
512.0	1543	
512.2	1551	
512.4	1559	
512.6	1568	
512.8	1576	
513.0	1585	
513.2	1593	
513.4	1602	
513.6	1612	
513.8	1621	
514.0	1630	
514.2	1638	
514.4	1646	
514.6	1654	
514.8	1661	
515.0	1669	
515.2	1676	
515.4	1684	
515.6	1692	
515.8	1700	
516.0	1708	
516.2	1716	
516.4	1725	
516.6	1733	
516.8	1741	
517.0	1749	
517.2	1757	
517.4	1765	
517.6	1773	
517.8	1780	
518.0	1788	
518.2	1795	
518.4	1802	
518.6	1810	
518.8	1818	
519.0	1826	
519.2	1833	
519.4	1841	
519.6	1848	
519.8	1855	
520.0	1862	
520.2	1870	
520.4	1877	
520.6	1884	
520.8	1892	
521.0	1899	
521.2	1906	
521.4	1914	
521.6	1921	
521.8	1928	
522.0	1934	
522.2	1939	
522.4	1945	
522.6	1951	
522.8	1958	
523.0	1963	
523.2	1969	
523.4	1975	
523.6	1981	
523.8	1987	
524.0	1993	
524.2	1999	
524.4	2005	
524.6	2011	
524.8	2017	
525.0	2022	
525.2	2027	
525.4	2032	
525.6	2036	
525.8	2041	
526.0	2046	
526.2	2051	
526.4	2056	
526.6	2061	
526.8	2065	
527.0	2069	
527.2	2073	
527.4	2078	
527.6	2082	
527.8	2086	
528.0	2090	
528.2	2094	
528.4	2098	
528.6	2101	
528.8	2105	
529.0	2108	
529.2	2111	
529.4	2114	
529.6	2116	
529.8	2119	
530.0	2121	
530.2	2124	
530.4	2127	
530.6	2129	
530.8	2131	
531.0	2132	
531.2	2132	
531.4	2133	
531.6	2135	
531.8	2137	
532.0	2139	
532.2	2141	
532.4	2142	
532.6	2144	
532.8	2145	
533.0	2146	
533.2	2147	
533.4	2147	
533.6	2148	
533.8	2148	
534.0	2148	
534.2	2148	
534.4	2148	
534.6	2148	
534.8	2148	
535.0	2148	
535.2	2148	
535.4	2148	
535.6	2147	
535.8	2146	
536.0	2145	
536.2	2145	
536.4	2144	
536.6	2144	
536.8	2142	
537.0	2142	
537.2	2141	
537.4	2141	
537.6	2140	
537.8	2139	
538.0	2137	
538.2	2135	
538.4	2132	
538.6	2130	
538.8	2128	
539.0	2126	
539.2	2123	
539.4	2122	
539.6	2119	
539.8	2117	
540.0	2114	
540.2	2112	
540.4	2110	
540.6	2108	
540.8	2106	
541.0	2103	
541.2	2101	
541.4	2098	
541.6	2095	
541.8	2091	
542.0	2087	
542.2	2083	
542.4	2080	
542.6	2077	
542.8	2074	
543.0	2070	
543.2	2067	
543.4	2063	
543.6	2059	
543.8	2055	
544.0	2051	
544.2	2046	
544.4	2042	
544.6	2037	
544.8	2033	
545.0	2029	
545.2	2025	
545.4	2022	
545.6	2018	
545.8	2014	
546.0	2010	
546.2	2006	
546.4	2003	
546.6	2000	
546.8	1996	
547.0	1991	
547.2	1987	
547.4	1982	
547.6	1977	
547.8	1973	
548.0	1969	
548.2	1964	
548.4	1960	
548.6	1955	
548.8	1951	
549.0	1947	
549.2	1943	
549.4	1938	
549.6	1934	
549.8	1929	
550.0	1924	
550.2	1919	
550.4	1914	
550.6	1909	
550.8	1904	
551.0	1899	
551.2	1893	
551.4	1888	
551.6	1883	
551.8	1878	
552.0	1872	
552.2	1867	
552.4	1861	
552.6	1856	
552.8	1852	
553.0	1848	
553.2	1843	
553.4	1839	
553.6	1833	
553.8	1828	
554.0	1823	
554.2	1818	
554.4	1813	
554.6	1807	
554.8	1802	
555.0	1796	
555.2	1790	
555.4	1784	
555.6	1779	
555.8	1774	
556.0	1769	
556.2	1763	
556.4	1758	
556.6	1752	
556.8	1747	
557.0	1741	
557.2	1736	
557.4	1731	
557.6	1726	
557.8	1721	
558.0	1715	
558.2	1710	
558.4	1705	
558.6	1698	
558.8	1692	
559.0	1687	
559.2	1681	
559.4	1676	
559.6	1671	
559.8	1666	
560.0	1660	
560.2	1655	
560.4	1650	
560.6	1644	
560.8	1639	
561.0	1632	
561.2	1626	
561.4	1619	
561.6	1613	
561.8	1608	
562.0	1603	
562.2	1597	
562.4	1592	
562.6	1586	
562.8	1580	
563.0	1574	
563.2	1568	
563.4	1563	
563.6	1557	
563.8	1552	
564.0	1547	
564.2	1541	
564.4	1536	
564.6	1530	
564.8	1524	
565.0	1518	
565.2	1512	
565.4	1506	
565.6	1500	
565.8	1495	
566.0	1489	
566.2	1484	
566.4	1479	
566.6	1474	
566.8	1468	
567.0	1462	
567.2	1457	
567.4	1451	
567.6	1445	
567.8	1440	
568.0	1434	
568.2	1429	
568.4	1424	
568.6	1419	
568.8	1414	
569.0	1408	
569.2	1403	
569.4	1397	
569.6	1391	
569.8	1385	
570.0	1379	
570.2	1374	
570.4	1368	
570.6	1363	
570.8	1358	
571.0	1353	
571.2	1347	
571.4	1342	
571.6	1336	
571.8	1330	
572.0	1325	
572.2	1319	
572.4	1313	
572.6	1308	
572.8	1302	
573.0	1296	
573.2	1290	
573.4	1285	
573.6	1279	
573.8	1274	
574.0	1268	
574.2	1263	
574.4	1258	
574.6	1252	
574.8	1247	
575.0	1241	
575.2	1235	
575.4	1229	
575.6	1224	
575.8	1219	
576.0	1213	
576.2	1207	
576.4	1201	
576.6	1195	
576.8	1189	
577.0	1184	
577.2	1179	
577.4	1173	
577.6	1168	
577.8	1163	
578.0	1157	
578.2	1151	
578.4	1146	
578.6	1140	
578.8	1135	
579.0	1130	
579.2	1124	
579.4	1119	
579.6	1113	
579.8	1108	
580.0	1103	
580.2	1097	
580.4	1092	
580.6	1086	
580.8	1081	
581.0	1075	
581.2	1070	
581.4	1065	
581.6	1059	
581.8	1054	
582.0	1049	
582.2	1044	
582.4	1039	
582.6	1034	
582.8	1029	
583.0	1024	
583.2	1019	
583.4	1013	
583.6	1008	
583.8	1002	
584.0	997.2	
584.2	991.8	
584.4	986.6	
584.6	981.5	
584.8	976.5	
585.0	971.6	
585.2	966.8	
585.4	961.8	
585.6	957.1	
585.8	952.2	
586.0	947.3	
586.2	942.4	
586.4	937.5	
586.6	932.4	
586.8	927.4	
587.0	922.4	
587.2	917.3	
587.4	912.0	
587.6	906.7	
587.8	901.6	
588.0	896.7	
588.2	892.1	
588.4	887.6	
588.6	882.9	
588.8	878.5	
589.0	874.0	
589.2	869.3	
589.4	864.3	
589.6	859.2	
589.8	854.0	
590.0	849.2	
590.2	844.4	
590.4	839.6	
590.6	834.9	
590.8	830.3	
591.0	825.9	
591.2	821.8	
591.4	817.4	
591.6	812.9	
591.8	808.3	
592.0	803.7	
592.2	799.2	
592.4	795.0	
592.6	790.6	
592.8	786.2	
593.0	781.8	
593.2	777.6	
593.4	773.3	
593.6	768.9	
593.8	764.5	
594.0	760.1	
594.2	755.9	
594.4	751.5	
594.6	747.0	
594.8	742.4	
595.0	737.8	
595.2	733.6	
595.4	729.6	
595.6	725.4	
595.8	721.4	
596.0	717.3	
596.2	713.3	
596.4	709.5	
596.6	705.4	
596.8	701.1	
597.0	696.7	
597.2	692.4	
597.4	688.4	
597.6	684.6	
597.8	680.5	
598.0	676.4	
598.2	672.5	
598.4	668.7	
598.6	664.9	
598.8	661.0	
599.0	656.8	
599.2	652.7	
599.4	648.5	
599.6	644.2	
599.8	640.1	
600.0	636.0	
600.2	632.1	
600.4	628.4	
600.6	624.3	
600.8	620.2	
601.0	616.0	
601.2	612.1	
601.4	608.1	
601.6	604.4	
601.8	600.7	
602.0	597.0	
602.2	593.5	
602.4	590.0	
602.6	586.4	
602.8	582.5	
603.0	578.7	
603.2	575.1	
603.4	571.7	
603.6	568.4	
603.8	565.0	
604.0	561.4	
604.2	557.8	
604.4	554.4	
604.6	551.2	
604.8	547.9	
605.0	544.9	
605.2	541.8	
605.4	538.3	
605.6	534.9	
605.8	531.6	
606.0	528.4	
606.2	525.4	
606.4	522.4	
606.6	519.2	
606.8	515.8	
607.0	512.3	
607.2	508.8	
607.4	505.2	
607.6	501.8	
607.8	498.3	
608.0	494.7	
608.2	491.1	
608.4	487.7	
608.6	484.4	
608.8	481.3	
609.0	478.4	
609.2	475.4	
609.4	472.3	
609.6	469.0	
609.8	465.6	
610.0	462.4	
610.2	459.4	
610.4	456.4	
610.6	453.4	
610.8	450.3	
611.0	447.2	
611.2	444.4	
611.4	441.5	
611.6	438.5	
611.8	435.5	
612.0	432.4	
612.2	429.4	
612.4	426.5	
612.6	423.7	
612.8	420.9	
613.0	418.1	
613.2	415.4	
613.4	412.6	
613.6	409.8	
613.8	407.1	
614.0	404.5	
614.2	401.9	
614.4	399.3	
614.6	396.5	
614.8	393.7	
615.0	391.0	
615.2	388.6	
615.4	386.0	
615.6	383.2	
615.8	380.3	
616.0	377.5	
616.2	374.8	
616.4	372.3	
616.6	369.9	
616.8	367.2	
617.0	364.6	
617.2	362.2	
617.4	359.7	
617.6	357.2	
617.8	354.8	
618.0	352.3	
618.2	349.8	
618.4	347.5	
618.6	345.3	
618.8	343.1	
619.0	340.8	
619.2	338.4	
619.4	335.9	
619.6	333.3	
619.8	330.8	
620.0	328.3	
620.2	325.9	
620.4	323.5	
620.6	321.3	
620.8	319.2	
621.0	316.9	
621.2	314.6	
621.4	312.2	
621.6	309.9	
621.8	307.8	
622.0	305.8	
622.2	303.8	
622.4	301.7	
622.6	299.4	
622.8	297.2	
623.0	295.0	
623.2	292.8	
623.4	290.7	
623.6	288.5	
623.8	286.3	
624.0	284.2	
624.2	282.1	
624.4	280.2	
624.6	278.2	
624.8	276.3	
625.0	274.3	
625.2	272.3	
625.4	270.2	
625.6	268.3	
625.8	266.3	
626.0	264.3	
626.2	262.3	
626.4	260.3	
626.6	258.2	
626.8	256.2	
627.0	254.3	
627.2	252.2	
627.4	250.3	
627.6	248.2	
627.8	246.3	
628.0	244.4	
628.2	242.6	
628.4	240.8	
628.6	238.9	
628.8	237.0	
629.0	235.2	
629.2	233.5	
629.4	231.7	
629.6	229.9	
629.8	228.1	
630.0	226.3	
630.2	224.6	
630.4	222.7	
630.6	220.8	
630.8	218.9	
631.0	217.1	
631.2	215.5	
631.4	213.9	
631.6	212.3	
631.8	210.5	
632.0	209.0	
632.2	207.5	
632.4	206.1	
632.6	204.6	
632.8	203.0	
633.0	201.5	
633.2	200.0	
633.4	198.8	
633.6	197.5	
633.8	196.1	
634.0	194.6	
634.2	193.0	
634.4	191.5	
634.6	190.2	
634.8	188.9	
635.0	187.6	
635.2	186.2	
635.4	184.7	
635.6	183.2	
635.8	181.6	
636.0	180.1	
636.2	178.8	
636.4	177.5	
636.6	176.2	
636.8	174.8	
637.0	173.5	
637.2	172.2	
637.4	171.0	
637.6	169.7	
637.8	168.5	
638.0	167.2	
638.2	165.9	
638.4	164.8	
638.6	163.7	
638.8	162.6	
639.0	161.5	
639.2	160.4	
639.4	159.2	
639.6	158.1	
639.8	157.0	
640.0	155.9	
640.2	154.7	
640.4	153.4	
640.6	152.2	
640.8	151.0	
641.0	149.7	
641.2	148.5	
641.4	147.1	
641.6	145.9	
641.8	144.7	
642.0	143.6	
642.2	142.5	
642.4	141.4	
642.6	140.2	
642.8	139.1	
643.0	138.0	
643.2	136.9	
643.4	135.9	
643.6	134.8	
643.8	133.8	
644.0	132.7	
644.2	131.6	
644.4	130.6	
644.6	129.4	
644.8	128.3	
645.0	127.2	
645.2	126.0	
645.4	124.9	
645.6	123.9	
645.8	122.9	
646.0	122.0	
646.2	121.2	
646.4	120.3	
646.6	119.5	
646.8	118.7	
647.0	117.7	
647.2	116.8	
647.4	115.9	
647.6	115.0	
647.8	114.2	
648.0	113.3	
648.2	112.4	
648.4	111.4	
648.6	110.4	
648.8	109.5	
649.0	108.6	
649.2	107.8	
649.4	106.9	
649.6	105.9	
649.8	105.0	
650.0	104.1	
650.2	103.2	
650.4	102.3	
650.6	101.5	
650.8	100.7	
651.0	99.86	
651.2	99.05	
651.4	98.15	
651.6	97.33	
651.8	96.57	
652.0	95.91	
652.2	95.24	
652.4	94.52	
652.6	93.65	
652.8	92.75	
653.0	91.92	
653.2	91.24	
653.4	90.62	
653.6	89.95	
653.8	89.15	
654.0	88.32	
654.2	87.49	
654.4	86.74	
654.6	86.08	
654.8	85.46	
655.0	84.90	
655.2	84.43	
655.4	83.93	
655.6	83.40	
655.8	82.75	
656.0	82.00	
656.2	81.21	
656.4	80.50	
656.6	79.80	
656.8	79.09	
657.0	78.37	
657.2	77.58	
657.4	76.85	
657.6	76.17	
657.8	75.54	
658.0	74.94	
658.2	74.39	
658.4	73.80	
658.6	73.23	
658.8	72.65	
659.0	72.07	
659.2	71.48	
659.4	70.87	
659.6	70.25	
659.8	69.56	
660.0	68.89	
660.2	68.24	
660.4	67.70	
660.6	67.22	
660.8	66.73	
661.0	66.22	
661.2	65.71	
661.4	65.18	
661.6	64.64	
661.8	64.01	
662.0	63.39	
662.2	62.83	
662.4	62.36	
662.6	61.97	
662.8	61.55	
663.0	61.04	
663.2	60.51	
663.4	59.94	
663.6	59.45	
663.8	58.98	
664.0	58.51	
664.2	58.04	
664.4	57.55	
664.6	57.05	
664.8	56.62	
665.0	56.18	
665.2	55.77	
665.4	55.37	
665.6	54.96	
665.8	54.54	
666.0	54.06	
666.2	53.63	
666.4	53.20	
666.6	52.75	
666.8	52.33	
667.0	51.89	
667.2	51.40	
667.4	50.90	
667.6	50.42	
667.8	49.97	
668.0	49.56	
668.2	49.17	
668.4	48.81	
668.6	48.45	
668.8	48.10	
669.0	47.69	
669.2	47.22	
669.4	46.78	
669.6	46.41	
669.8	46.11	
670.0	45.80	
670.2	45.43	
670.4	45.05	
670.6	44.68	
670.8	44.35	
671.0	44.06	
671.2	43.76	
671.4	43.38	
671.6	43.01	
671.8	42.56	
672.0	42.12	
672.2	41.77	
672.4	41.51	
672.6	41.24	
672.8	40.97	
673.0	40.64	
673.2	40.27	
673.4	39.90	
673.6	39.55	
673.8	39.26	
674.0	39.01	
674.2	38.77	
674.4	38.50	
674.6	38.16	
674.8	37.79	
675.0	37.48	
675.2	37.21	
675.4	36.95	
675.6	36.74	
675.8	36.49	
676.0	36.23	
676.2	35.91	
676.4	35.62	
676.6	35.30	
676.8	34.98	
677.0	34.66	
677.2	34.37	
677.4	34.05	
677.6	33.77	
677.8	33.47	
678.0	33.14	
678.2	32.79	
678.4	32.46	
678.6	32.17	
678.8	31.92	
679.0	31.71	
679.2	31.50	
679.4	31.28	
679.6	31.03	
679.8	30.80	
680.0	30.53	
680.2	30.26	
680.4	29.96	
680.6	29.69	
680.8	29.46	
681.0	29.25	
681.2	29.03	
681.4	28.82	
681.6	28.62	
681.8	28.43	
682.0	28.24	
682.2	28.00	
682.4	27.77	
682.6	27.54	
682.8	27.34	
683.0	27.13	
683.2	26.87	
683.4	26.60	
683.6	26.35	
683.8	26.17	
684.0	26.01	
684.2	25.87	
684.4	25.69	
684.6	25.52	
684.8	25.32	
685.0	25.14	
685.2	24.91	
685.4	24.68	
685.6	24.47	
685.8	24.27	
686.0	24.05	
686.2	23.83	
686.4	23.58	
686.6	23.33	
686.8	23.10	
687.0	22.91	
687.2	22.72	
687.4	22.53	
687.6	22.38	
687.8	22.25	
688.0	22.15	
688.2	22.03	
688.4	21.88	
688.6	21.68	
688.8	21.52	
689.0	21.41	
689.2	21.29	
689.4	21.12	
689.6	20.97	
689.8	20.82	
690.0	20.70	
690.2	20.58	
690.4	20.46	
690.6	20.31	
690.8	20.17	
691.0	20.07	
691.2	19.95	
691.4	19.85	
691.6	19.78	
691.8	19.68	
692.0	19.54	
692.2	19.37	
692.4	19.17	
692.6	19.04	
692.8	18.92	
693.0	18.79	
693.2	18.69	
693.4	18.59	
693.6	18.47	
693.8	18.38	
694.0	18.26	
694.2	18.11	
694.4	17.95	
694.6	17.84	
694.8	17.72	
695.0	17.63	
695.2	17.55	
695.4	17.47	
695.6	17.38	
695.8	17.33	
696.0	17.25	
696.2	17.15	
696.4	17.05	
696.6	16.92	
696.8	16.80	
697.0	16.68	
697.2	16.53	
697.4	16.39	
697.6	16.26	
697.8	16.15	
698.0	16.08	
698.2	16.03	
698.4	15.99	
698.6	15.90	
698.8	15.80	
699.0	15.67	
699.2	15.52	
699.4	15.42	
699.6	15.33	
699.8	15.24	
700.0	15.11	
		
