
nm	Data	
440.0	9999.9	
440.2	9998	
440.4	9935	
440.6	9818	
440.8	9656	
441.0	9454	
441.2	9219	
441.4	8956	
441.6	8672	
441.8	8369	
442.0	8055	
442.2	7732	
442.4	7402	
442.6	7066	
442.8	6727	
443.0	6387	
443.2	6049	
443.4	5714	
443.6	5385	
443.8	5065	
444.0	4753	
444.2	4449	
444.4	4156	
444.6	3873	
444.8	3603	
445.0	3345	
445.2	3101	
445.4	2870	
445.6	2653	
445.8	2448	
446.0	2257	
446.2	2078	
446.4	1912	
446.6	1757	
446.8	1614	
447.0	1483	
447.2	1362	
447.4	1251	
447.6	1149	
447.8	1057	
448.0	972.0	
448.2	895.0	
448.4	825.1	
448.6	761.5	
448.8	703.6	
449.0	651.2	
449.2	603.6	
449.4	560.4	
449.6	521.2	
449.8	485.6	
450.0	453.3	
450.2	423.9	
450.4	397.4	
450.6	373.4	
450.8	351.7	
451.0	332.1	
451.2	314.3	
451.4	298.3	
451.6	283.8	
451.8	270.6	
452.0	258.7	
452.2	247.9	
452.4	238.2	
452.6	229.4	
452.8	221.5	
453.0	214.3	
453.2	207.8	
453.4	202.1	
453.6	197.2	
453.8	193.0	
454.0	189.2	
454.2	185.8	
454.4	182.7	
454.6	180.0	
454.8	177.6	
455.0	175.6	
455.2	173.7	
455.4	172.1	
455.6	170.8	
455.8	169.7	
456.0	168.8	
456.2	168.3	
456.4	168.1	
456.6	167.9	
456.8	168.0	
457.0	168.1	
457.2	168.2	
457.4	168.5	
457.6	169.1	
457.8	169.8	
458.0	170.7	
458.2	171.5	
458.4	172.3	
458.6	173.2	
458.8	174.3	
459.0	175.4	
459.2	176.5	
459.4	177.7	
459.6	178.8	
459.8	180.0	
460.0	181.2	
460.2	182.7	
460.4	184.3	
460.6	186.0	
460.8	187.7	
461.0	189.3	
461.2	190.8	
461.4	192.4	
461.6	194.1	
461.8	195.9	
462.0	197.8	
462.2	199.7	
462.4	201.6	
462.6	203.6	
462.8	205.6	
463.0	207.5	
463.2	209.7	
463.4	211.9	
463.6	214.0	
463.8	216.2	
464.0	218.6	
464.2	221.0	
464.4	223.6	
464.6	226.1	
464.8	228.6	
465.0	231.0	
465.2	233.4	
465.4	235.8	
465.6	238.4	
465.8	241.0	
466.0	243.8	
466.2	246.4	
466.4	249.0	
466.6	251.7	
466.8	254.7	
467.0	257.9	
467.2	261.0	
467.4	264.1	
467.6	266.9	
467.8	269.7	
468.0	272.7	
468.2	275.6	
468.4	278.6	
468.6	281.6	
468.8	284.7	
469.0	287.9	
469.2	291.2	
469.4	294.4	
469.6	297.6	
469.8	300.9	
470.0	304.1	
470.2	307.4	
470.4	310.7	
470.6	314.0	
470.8	317.4	
471.0	321.0	
471.2	324.5	
471.4	327.8	
471.6	331.2	
471.8	334.5	
472.0	338.0	
472.2	341.5	
472.4	345.0	
472.6	348.4	
472.8	352.0	
473.0	355.8	
473.2	360.0	
473.4	364.0	
473.6	367.7	
473.8	371.2	
474.0	374.7	
474.2	378.3	
474.4	382.3	
474.6	386.4	
474.8	390.5	
475.0	394.6	
475.2	398.7	
475.4	403.0	
475.6	407.1	
475.8	411.2	
476.0	415.4	
476.2	419.6	
476.4	423.9	
476.6	428.3	
476.8	432.7	
477.0	437.1	
477.2	441.4	
477.4	445.9	
477.6	450.2	
477.8	454.6	
478.0	459.2	
478.2	464.0	
478.4	469.0	
478.6	474.0	
478.8	478.8	
479.0	483.6	
479.2	488.6	
479.4	493.8	
479.6	499.1	
479.8	504.1	
480.0	509.1	
480.2	514.3	
480.4	519.5	
480.6	524.9	
480.8	530.2	
481.0	535.4	
481.2	540.8	
481.4	546.3	
481.6	551.7	
481.8	556.9	
482.0	562.1	
482.2	567.2	
482.4	572.8	
482.6	578.5	
482.8	584.2	
483.0	590.0	
483.2	596.0	
483.4	602.0	
483.6	608.2	
483.8	614.4	
484.0	620.2	
484.2	626.1	
484.4	632.2	
484.6	638.4	
484.8	645.0	
485.0	651.9	
485.2	658.7	
485.4	665.4	
485.6	672.0	
485.8	678.5	
486.0	685.3	
486.2	692.1	
486.4	699.0	
486.6	705.6	
486.8	712.3	
487.0	719.2	
487.2	726.4	
487.4	733.7	
487.6	741.1	
487.8	748.3	
488.0	755.5	
488.2	763.1	
488.4	770.8	
488.6	778.8	
488.8	786.8	
489.0	795.0	
489.2	802.9	
489.4	810.8	
489.6	818.4	
489.8	826.3	
490.0	834.5	
490.2	843.0	
490.4	851.8	
490.6	860.7	
490.8	869.3	
491.0	878.0	
491.2	886.6	
491.4	895.0	
491.6	903.3	
491.8	911.3	
492.0	919.0	
492.2	926.9	
492.4	935.1	
492.6	943.6	
492.8	952.4	
493.0	961.2	
493.2	969.8	
493.4	978.4	
493.6	987.2	
493.8	996.3	
494.0	1005	
494.2	1014	
494.4	1023	
494.6	1032	
494.8	1042	
495.0	1051	
495.2	1061	
495.4	1070	
495.6	1079	
495.8	1089	
496.0	1099	
496.2	1108	
496.4	1117	
496.6	1126	
496.8	1136	
497.0	1145	
497.2	1154	
497.4	1163	
497.6	1172	
497.8	1182	
498.0	1191	
498.2	1201	
498.4	1210	
498.6	1219	
498.8	1229	
499.0	1239	
499.2	1249	
499.4	1259	
499.6	1268	
499.8	1278	
500.0	1288	
500.2	1298	
500.4	1308	
500.6	1318	
500.8	1328	
501.0	1338	
501.2	1348	
501.4	1358	
501.6	1368	
501.8	1377	
502.0	1386	
502.2	1395	
502.4	1405	
502.6	1416	
502.8	1426	
503.0	1436	
503.2	1447	
503.4	1456	
503.6	1467	
503.8	1477	
504.0	1486	
504.2	1495	
504.4	1505	
504.6	1515	
504.8	1526	
505.0	1537	
505.2	1548	
505.4	1558	
505.6	1568	
505.8	1578	
506.0	1588	
506.2	1598	
506.4	1609	
506.6	1619	
506.8	1630	
507.0	1640	
507.2	1650	
507.4	1661	
507.6	1671	
507.8	1680	
508.0	1690	
508.2	1700	
508.4	1710	
508.6	1720	
508.8	1730	
509.0	1740	
509.2	1750	
509.4	1760	
509.6	1771	
509.8	1781	
510.0	1791	
510.2	1802	
510.4	1812	
510.6	1822	
510.8	1832	
511.0	1842	
511.2	1852	
511.4	1862	
511.6	1873	
511.8	1883	
512.0	1893	
512.2	1903	
512.4	1912	
512.6	1922	
512.8	1931	
513.0	1941	
513.2	1950	
513.4	1960	
513.6	1971	
513.8	1981	
514.0	1991	
514.2	2000	
514.4	2009	
514.6	2019	
514.8	2029	
515.0	2038	
515.2	2048	
515.4	2058	
515.6	2068	
515.8	2078	
516.0	2087	
516.2	2096	
516.4	2105	
516.6	2115	
516.8	2124	
517.0	2133	
517.2	2143	
517.4	2153	
517.6	2162	
517.8	2171	
518.0	2179	
518.2	2188	
518.4	2197	
518.6	2207	
518.8	2216	
519.0	2224	
519.2	2232	
519.4	2240	
519.6	2249	
519.8	2257	
520.0	2265	
520.2	2273	
520.4	2281	
520.6	2289	
520.8	2297	
521.0	2305	
521.2	2312	
521.4	2319	
521.6	2326	
521.8	2333	
522.0	2339	
522.2	2346	
522.4	2353	
522.6	2360	
522.8	2367	
523.0	2374	
523.2	2382	
523.4	2389	
523.6	2396	
523.8	2403	
524.0	2410	
524.2	2417	
524.4	2423	
524.6	2429	
524.8	2434	
525.0	2440	
525.2	2445	
525.4	2451	
525.6	2456	
525.8	2462	
526.0	2467	
526.2	2472	
526.4	2477	
526.6	2482	
526.8	2487	
527.0	2492	
527.2	2496	
527.4	2501	
527.6	2505	
527.8	2509	
528.0	2513	
528.2	2516	
528.4	2519	
528.6	2522	
528.8	2526	
529.0	2529	
529.2	2532	
529.4	2535	
529.6	2539	
529.8	2542	
530.0	2545	
530.2	2548	
530.4	2550	
530.6	2552	
530.8	2553	
531.0	2555	
531.2	2557	
531.4	2559	
531.6	2561	
531.8	2563	
532.0	2565	
532.2	2566	
532.4	2568	
532.6	2569	
532.8	2569	
533.0	2570	
533.2	2571	
533.4	2571	
533.6	2572	
533.8	2572	
534.0	2572	
534.2	2572	
534.4	2572	
534.6	2572	
534.8	2572	
535.0	2571	
535.2	2570	
535.4	2569	
535.6	2568	
535.8	2567	
536.0	2566	
536.2	2564	
536.4	2563	
536.6	2562	
536.8	2561	
537.0	2559	
537.2	2557	
537.4	2555	
537.6	2553	
537.8	2551	
538.0	2549	
538.2	2547	
538.4	2544	
538.6	2541	
538.8	2538	
539.0	2535	
539.2	2533	
539.4	2531	
539.6	2527	
539.8	2524	
540.0	2520	
540.2	2516	
540.4	2512	
540.6	2509	
540.8	2505	
541.0	2501	
541.2	2496	
541.4	2492	
541.6	2488	
541.8	2484	
542.0	2480	
542.2	2476	
542.4	2472	
542.6	2468	
542.8	2463	
543.0	2458	
543.2	2454	
543.4	2449	
543.6	2444	
543.8	2440	
544.0	2436	
544.2	2431	
544.4	2427	
544.6	2422	
544.8	2417	
545.0	2412	
545.2	2406	
545.4	2401	
545.6	2396	
545.8	2390	
546.0	2385	
546.2	2379	
546.4	2374	
546.6	2368	
546.8	2362	
547.0	2355	
547.2	2349	
547.4	2344	
547.6	2338	
547.8	2333	
548.0	2327	
548.2	2322	
548.4	2316	
548.6	2311	
548.8	2305	
549.0	2299	
549.2	2293	
549.4	2287	
549.6	2281	
549.8	2275	
550.0	2268	
550.2	2261	
550.4	2254	
550.6	2247	
550.8	2241	
551.0	2235	
551.2	2228	
551.4	2222	
551.6	2216	
551.8	2210	
552.0	2204	
552.2	2197	
552.4	2190	
552.6	2184	
552.8	2178	
553.0	2171	
553.2	2165	
553.4	2159	
553.6	2152	
553.8	2146	
554.0	2140	
554.2	2133	
554.4	2127	
554.6	2120	
554.8	2114	
555.0	2107	
555.2	2100	
555.4	2093	
555.6	2087	
555.8	2081	
556.0	2075	
556.2	2068	
556.4	2061	
556.6	2055	
556.8	2049	
557.0	2042	
557.2	2036	
557.4	2029	
557.6	2023	
557.8	2017	
558.0	2010	
558.2	2003	
558.4	1996	
558.6	1989	
558.8	1982	
559.0	1975	
559.2	1968	
559.4	1961	
559.6	1954	
559.8	1948	
560.0	1941	
560.2	1934	
560.4	1928	
560.6	1921	
560.8	1914	
561.0	1908	
561.2	1901	
561.4	1894	
561.6	1886	
561.8	1879	
562.0	1872	
562.2	1864	
562.4	1857	
562.6	1850	
562.8	1843	
563.0	1836	
563.2	1829	
563.4	1822	
563.6	1815	
563.8	1807	
564.0	1800	
564.2	1793	
564.4	1787	
564.6	1780	
564.8	1774	
565.0	1767	
565.2	1760	
565.4	1754	
565.6	1747	
565.8	1740	
566.0	1733	
566.2	1725	
566.4	1718	
566.6	1711	
566.8	1705	
567.0	1698	
567.2	1692	
567.4	1685	
567.6	1677	
567.8	1670	
568.0	1663	
568.2	1657	
568.4	1651	
568.6	1645	
568.8	1639	
569.0	1632	
569.2	1625	
569.4	1618	
569.6	1611	
569.8	1604	
570.0	1597	
570.2	1590	
570.4	1583	
570.6	1576	
570.8	1568	
571.0	1561	
571.2	1554	
571.4	1547	
571.6	1540	
571.8	1533	
572.0	1527	
572.2	1520	
572.4	1513	
572.6	1505	
572.8	1499	
573.0	1492	
573.2	1486	
573.4	1479	
573.6	1473	
573.8	1466	
574.0	1459	
574.2	1452	
574.4	1446	
574.6	1439	
574.8	1432	
575.0	1425	
575.2	1418	
575.4	1412	
575.6	1405	
575.8	1399	
576.0	1393	
576.2	1387	
576.4	1381	
576.6	1374	
576.8	1368	
577.0	1362	
577.2	1355	
577.4	1349	
577.6	1343	
577.8	1337	
578.0	1331	
578.2	1325	
578.4	1319	
578.6	1313	
578.8	1306	
579.0	1300	
579.2	1294	
579.4	1288	
579.6	1281	
579.8	1275	
580.0	1269	
580.2	1263	
580.4	1256	
580.6	1249	
580.8	1243	
581.0	1236	
581.2	1229	
581.4	1222	
581.6	1216	
581.8	1209	
582.0	1203	
582.2	1197	
582.4	1191	
582.6	1185	
582.8	1179	
583.0	1172	
583.2	1166	
583.4	1160	
583.6	1154	
583.8	1148	
584.0	1142	
584.2	1136	
584.4	1130	
584.6	1124	
584.8	1119	
585.0	1113	
585.2	1106	
585.4	1100	
585.6	1093	
585.8	1087	
586.0	1081	
586.2	1075	
586.4	1070	
586.6	1064	
586.8	1058	
587.0	1052	
587.2	1046	
587.4	1040	
587.6	1035	
587.8	1029	
588.0	1023	
588.2	1017	
588.4	1011	
588.6	1005	
588.8	998.8	
589.0	993.2	
589.2	987.8	
589.4	982.3	
589.6	976.5	
589.8	970.7	
590.0	964.9	
590.2	959.2	
590.4	953.7	
590.6	948.4	
590.8	942.9	
591.0	937.6	
591.2	932.3	
591.4	926.8	
591.6	921.4	
591.8	916.0	
592.0	910.6	
592.2	905.4	
592.4	900.4	
592.6	895.6	
592.8	890.7	
593.0	885.6	
593.2	880.6	
593.4	875.4	
593.6	870.4	
593.8	865.2	
594.0	860.0	
594.2	854.8	
594.4	849.6	
594.6	844.4	
594.8	839.3	
595.0	834.2	
595.2	829.2	
595.4	824.4	
595.6	819.6	
595.8	814.9	
596.0	810.3	
596.2	805.4	
596.4	800.3	
596.6	795.0	
596.8	789.6	
597.0	784.3	
597.2	779.1	
597.4	774.2	
597.6	769.7	
597.8	765.4	
598.0	760.9	
598.2	756.3	
598.4	751.5	
598.6	746.8	
598.8	742.6	
599.0	738.3	
599.2	733.9	
599.4	729.2	
599.6	724.6	
599.8	719.8	
600.0	715.5	
600.2	711.0	
600.4	706.5	
600.6	701.7	
600.8	697.0	
601.0	692.4	
601.2	688.0	
601.4	683.9	
601.6	679.6	
601.8	675.4	
602.0	671.2	
602.2	667.0	
602.4	662.7	
602.6	658.7	
602.8	654.7	
603.0	650.8	
603.2	646.8	
603.4	642.9	
603.6	638.8	
603.8	634.8	
604.0	630.7	
604.2	626.5	
604.4	622.3	
604.6	618.3	
604.8	614.5	
605.0	610.5	
605.2	606.6	
605.4	602.6	
605.6	598.7	
605.8	595.0	
606.0	591.1	
606.2	587.0	
606.4	582.9	
606.6	578.9	
606.8	575.1	
607.0	571.4	
607.2	567.6	
607.4	563.9	
607.6	560.2	
607.8	556.5	
608.0	553.0	
608.2	549.1	
608.4	545.2	
608.6	541.4	
608.8	537.5	
609.0	533.9	
609.2	530.4	
609.4	526.7	
609.6	523.1	
609.8	519.1	
610.0	515.2	
610.2	511.5	
610.4	508.1	
610.6	504.9	
610.8	501.8	
611.0	498.5	
611.2	495.2	
611.4	491.7	
611.6	488.2	
611.8	484.6	
612.0	481.2	
612.2	478.0	
612.4	475.0	
612.6	471.9	
612.8	468.6	
613.0	465.0	
613.2	461.4	
613.4	458.0	
613.6	454.9	
613.8	451.9	
614.0	449.0	
614.2	446.0	
614.4	443.3	
614.6	440.6	
614.8	437.8	
615.0	435.0	
615.2	432.0	
615.4	428.7	
615.6	425.5	
615.8	422.3	
616.0	419.2	
616.2	416.1	
616.4	413.2	
616.6	410.4	
616.8	407.5	
617.0	404.7	
617.2	401.8	
617.4	398.7	
617.6	395.8	
617.8	392.9	
618.0	389.9	
618.2	387.0	
618.4	384.0	
618.6	381.2	
618.8	378.5	
619.0	375.9	
619.2	373.1	
619.4	370.4	
619.6	367.7	
619.8	365.0	
620.0	362.4	
620.2	360.0	
620.4	357.3	
620.6	354.6	
620.8	351.6	
621.0	348.6	
621.2	346.0	
621.4	343.5	
621.6	341.0	
621.8	338.3	
622.0	335.6	
622.2	333.1	
622.4	330.8	
622.6	328.6	
622.8	326.4	
623.0	324.0	
623.2	321.7	
623.4	319.4	
623.6	317.1	
623.8	314.9	
624.0	312.6	
624.2	310.1	
624.4	307.7	
624.6	305.3	
624.8	303.0	
625.0	300.8	
625.2	298.5	
625.4	296.2	
625.6	294.0	
625.8	291.7	
626.0	289.4	
626.2	287.3	
626.4	285.2	
626.6	283.2	
626.8	281.0	
627.0	278.8	
627.2	276.8	
627.4	274.9	
627.6	273.0	
627.8	271.0	
628.0	268.8	
628.2	266.6	
628.4	264.5	
628.6	262.5	
628.8	260.4	
629.0	258.4	
629.2	256.3	
629.4	254.3	
629.6	252.4	
629.8	250.4	
630.0	248.5	
630.2	246.4	
630.4	244.1	
630.6	241.9	
630.8	239.8	
631.0	238.1	
631.2	236.4	
631.4	234.8	
631.6	233.0	
631.8	231.1	
632.0	229.2	
632.2	227.5	
632.4	225.7	
632.6	224.1	
632.8	222.3	
633.0	220.6	
633.2	218.8	
633.4	217.0	
633.6	215.0	
633.8	213.1	
634.0	211.3	
634.2	209.5	
634.4	207.9	
634.6	206.3	
634.8	204.7	
635.0	203.2	
635.2	201.7	
635.4	200.2	
635.6	198.6	
635.8	196.9	
636.0	195.1	
636.2	193.3	
636.4	191.6	
636.6	190.0	
636.8	188.4	
637.0	186.8	
637.2	185.3	
637.4	183.9	
637.6	182.5	
637.8	181.2	
638.0	179.9	
638.2	178.6	
638.4	177.2	
638.6	175.8	
638.8	174.5	
639.0	173.1	
639.2	171.8	
639.4	170.6	
639.6	169.5	
639.8	168.3	
640.0	167.2	
640.2	165.8	
640.4	164.3	
640.6	162.9	
640.8	161.5	
641.0	160.3	
641.2	159.0	
641.4	157.8	
641.6	156.7	
641.8	155.6	
642.0	154.4	
642.2	153.2	
642.4	151.9	
642.6	150.6	
642.8	149.3	
643.0	148.1	
643.2	146.8	
643.4	145.5	
643.6	144.3	
643.8	143.1	
644.0	141.9	
644.2	140.7	
644.4	139.5	
644.6	138.4	
644.8	137.3	
645.0	136.2	
645.2	135.2	
645.4	134.2	
645.6	133.1	
645.8	132.1	
646.0	131.1	
646.2	130.0	
646.4	129.0	
646.6	128.0	
646.8	127.0	
647.0	126.1	
647.2	125.1	
647.4	124.2	
647.6	123.2	
647.8	122.1	
648.0	121.0	
648.2	119.8	
648.4	118.7	
648.6	117.7	
648.8	116.7	
649.0	115.7	
649.2	114.7	
649.4	113.7	
649.6	112.8	
649.8	112.0	
650.0	111.1	
650.2	110.3	
650.4	109.4	
650.6	108.7	
650.8	107.9	
651.0	107.1	
651.2	106.3	
651.4	105.2	
651.6	104.2	
651.8	103.1	
652.0	102.2	
652.2	101.4	
652.4	100.6	
652.6	99.77	
652.8	98.87	
653.0	97.90	
653.2	96.97	
653.4	96.10	
653.6	95.28	
653.8	94.47	
654.0	93.61	
654.2	92.71	
654.4	91.78	
654.6	90.93	
654.8	90.14	
655.0	89.39	
655.2	88.63	
655.4	87.82	
655.6	87.03	
655.8	86.28	
656.0	85.60	
656.2	84.90	
656.4	84.22	
656.6	83.49	
656.8	82.84	
657.0	82.15	
657.2	81.43	
657.4	80.67	
657.6	79.88	
657.8	79.14	
658.0	78.51	
658.2	77.87	
658.4	77.26	
658.6	76.64	
658.8	75.96	
659.0	75.26	
659.2	74.53	
659.4	73.86	
659.6	73.19	
659.8	72.57	
660.0	71.95	
660.2	71.34	
660.4	70.69	
660.6	70.06	
660.8	69.42	
661.0	68.79	
661.2	68.17	
661.4	67.59	
661.6	67.04	
661.8	66.53	
662.0	66.07	
662.2	65.60	
662.4	65.13	
662.6	64.62	
662.8	64.14	
663.0	63.64	
663.2	63.11	
663.4	62.61	
663.6	62.09	
663.8	61.54	
664.0	60.99	
664.2	60.40	
664.4	59.81	
664.6	59.27	
664.8	58.75	
665.0	58.29	
665.2	57.86	
665.4	57.48	
665.6	57.02	
665.8	56.57	
666.0	56.07	
666.2	55.58	
666.4	55.08	
666.6	54.58	
666.8	53.94	
667.0	53.34	
667.2	52.75	
667.4	52.20	
667.6	51.76	
667.8	51.43	
668.0	51.06	
668.2	50.69	
668.4	50.26	
668.6	49.80	
668.8	49.38	
669.0	49.00	
669.2	48.62	
669.4	48.25	
669.6	47.83	
669.8	47.43	
670.0	47.00	
670.2	46.55	
670.4	46.11	
670.6	45.72	
670.8	45.32	
671.0	44.92	
671.2	44.54	
671.4	44.14	
671.6	43.77	
671.8	43.45	
672.0	43.11	
672.2	42.71	
672.4	42.31	
672.6	41.90	
672.8	41.52	
673.0	41.17	
673.2	40.81	
673.4	40.47	
673.6	40.11	
673.8	39.74	
674.0	39.37	
674.2	39.00	
674.4	38.68	
674.6	38.41	
674.8	38.11	
675.0	37.77	
675.2	37.41	
675.4	37.06	
675.6	36.77	
675.8	36.52	
676.0	36.28	
676.2	35.98	
676.4	35.69	
676.6	35.42	
676.8	35.14	
677.0	34.84	
677.2	34.52	
677.4	34.17	
677.6	33.83	
677.8	33.54	
678.0	33.25	
678.2	32.92	
678.4	32.61	
678.6	32.30	
678.8	32.01	
679.0	31.76	
679.2	31.55	
679.4	31.32	
679.6	31.14	
679.8	30.93	
680.0	30.64	
680.2	30.36	
680.4	30.05	
680.6	29.74	
680.8	29.46	
681.0	29.17	
681.2	28.88	
681.4	28.67	
681.6	28.49	
681.8	28.28	
682.0	28.08	
682.2	27.85	
682.4	27.60	
682.6	27.36	
682.8	27.15	
683.0	26.93	
683.2	26.73	
683.4	26.53	
683.6	26.30	
683.8	26.08	
684.0	25.88	
684.2	25.70	
684.4	25.53	
684.6	25.34	
684.8	25.13	
685.0	24.95	
685.2	24.78	
685.4	24.64	
685.6	24.46	
685.8	24.24	
686.0	24.02	
686.2	23.81	
686.4	23.59	
686.6	23.36	
686.8	23.15	
687.0	22.93	
687.2	22.71	
687.4	22.52	
687.6	22.33	
687.8	22.12	
688.0	21.96	
688.2	21.79	
688.4	21.62	
688.6	21.44	
688.8	21.30	
689.0	21.19	
689.2	21.06	
689.4	20.92	
689.6	20.77	
689.8	20.58	
690.0	20.38	
690.2	20.19	
690.4	20.00	
690.6	19.81	
690.8	19.62	
691.0	19.45	
691.2	19.27	
691.4	19.12	
691.6	18.99	
691.8	18.84	
692.0	18.69	
692.2	18.56	
692.4	18.45	
692.6	18.36	
692.8	18.26	
693.0	18.11	
693.2	17.93	
693.4	17.77	
693.6	17.60	
693.8	17.41	
694.0	17.25	
694.2	17.12	
694.4	17.02	
694.6	16.95	
694.8	16.87	
695.0	16.77	
695.2	16.65	
695.4	16.54	
695.6	16.43	
695.8	16.30	
696.0	16.16	
696.2	16.02	
696.4	15.90	
696.6	15.77	
696.8	15.66	
697.0	15.58	
697.2	15.48	
697.4	15.39	
697.6	15.32	
697.8	15.23	
698.0	15.11	
698.2	14.98	
698.4	14.82	
698.6	14.69	
698.8	14.58	
699.0	14.45	
699.2	14.32	
699.4	14.21	
699.6	14.14	
699.8	14.08	
700.0	14.01	
		
