
nm	Data	
440.0	9634	
440.2	9578	
440.4	9474	
440.6	9329	
440.8	9146	
441.0	8932	
441.2	8690	
441.4	8426	
441.6	8144	
441.8	7849	
442.0	7545	
442.2	7235	
442.4	6920	
442.6	6602	
442.8	6282	
443.0	5962	
443.2	5645	
443.4	5332	
443.6	5026	
443.8	4727	
444.0	4437	
444.2	4155	
444.4	3883	
444.6	3620	
444.8	3369	
445.0	3129	
445.2	2902	
445.4	2687	
445.6	2485	
445.8	2295	
446.0	2117	
446.2	1950	
446.4	1794	
446.6	1650	
446.8	1516	
447.0	1392	
447.2	1278	
447.4	1174	
447.6	1078	
447.8	989.6	
448.0	909.3	
448.2	836.0	
448.4	769.3	
448.6	708.7	
448.8	653.6	
449.0	603.6	
449.2	558.1	
449.4	516.7	
449.6	479.2	
449.8	445.1	
450.0	414.3	
450.2	386.2	
450.4	360.7	
450.6	337.5	
450.8	316.5	
451.0	297.5	
451.2	280.4	
451.4	264.9	
451.6	250.8	
451.8	238.1	
452.0	226.7	
452.2	216.4	
452.4	207.2	
452.6	198.8	
452.8	191.2	
453.0	184.3	
453.2	178.1	
453.4	172.7	
453.6	167.8	
453.8	163.4	
454.0	159.5	
454.2	156.1	
454.4	153.0	
454.6	150.3	
454.8	147.9	
455.0	146.0	
455.2	144.4	
455.4	143.0	
455.6	141.8	
455.8	140.6	
456.0	139.6	
456.2	138.7	
456.4	138.1	
456.6	137.7	
456.8	137.6	
457.0	137.6	
457.2	137.7	
457.4	137.9	
457.6	138.1	
457.8	138.5	
458.0	139.0	
458.2	139.5	
458.4	140.1	
458.6	140.8	
458.8	141.4	
459.0	142.3	
459.2	143.3	
459.4	144.3	
459.6	145.4	
459.8	146.5	
460.0	147.5	
460.2	148.8	
460.4	150.0	
460.6	151.4	
460.8	152.7	
461.0	153.9	
461.2	155.1	
461.4	156.3	
461.6	157.6	
461.8	159.0	
462.0	160.5	
462.2	162.0	
462.4	163.4	
462.6	164.8	
462.8	166.3	
463.0	167.8	
463.2	169.6	
463.4	171.4	
463.6	173.3	
463.8	175.1	
464.0	176.9	
464.2	178.7	
464.4	180.6	
464.6	182.4	
464.8	184.3	
465.0	186.2	
465.2	188.1	
465.4	190.1	
465.6	192.2	
465.8	194.4	
466.0	196.6	
466.2	198.7	
466.4	200.9	
466.6	203.0	
466.8	205.1	
467.0	207.5	
467.2	209.7	
467.4	212.0	
467.6	214.4	
467.8	216.9	
468.0	219.4	
468.2	222.0	
468.4	224.6	
468.6	227.2	
468.8	229.9	
469.0	232.4	
469.2	235.1	
469.4	237.7	
469.6	240.3	
469.8	243.2	
470.0	246.3	
470.2	249.3	
470.4	252.2	
470.6	254.9	
470.8	257.3	
471.0	259.9	
471.2	262.7	
471.4	265.6	
471.6	268.7	
471.8	271.8	
472.0	274.9	
472.2	278.2	
472.4	281.6	
472.6	285.0	
472.8	288.2	
473.0	291.2	
473.2	294.3	
473.4	297.3	
473.6	300.6	
473.8	303.8	
474.0	307.2	
474.2	310.5	
474.4	314.0	
474.6	317.3	
474.8	320.7	
475.0	324.2	
475.2	327.9	
475.4	331.8	
475.6	335.6	
475.8	339.3	
476.0	343.1	
476.2	346.9	
476.4	350.8	
476.6	354.7	
476.8	358.5	
477.0	362.3	
477.2	366.1	
477.4	369.9	
477.6	373.6	
477.8	377.3	
478.0	381.3	
478.2	385.4	
478.4	389.9	
478.6	394.4	
478.8	398.8	
479.0	403.2	
479.2	407.6	
479.4	411.9	
479.6	416.5	
479.8	421.1	
480.0	425.6	
480.2	430.0	
480.4	434.4	
480.6	438.8	
480.8	443.6	
481.0	448.6	
481.2	453.7	
481.4	458.5	
481.6	463.4	
481.8	468.5	
482.0	473.6	
482.2	478.8	
482.4	483.7	
482.6	488.4	
482.8	493.1	
483.0	498.1	
483.2	503.3	
483.4	508.6	
483.6	513.9	
483.8	519.1	
484.0	524.4	
484.2	529.9	
484.4	535.5	
484.6	541.5	
484.8	547.5	
485.0	553.7	
485.2	559.7	
485.4	565.8	
485.6	571.8	
485.8	578.0	
486.0	584.0	
486.2	590.1	
486.4	596.4	
486.6	602.8	
486.8	609.2	
487.0	615.7	
487.2	622.1	
487.4	628.7	
487.6	635.2	
487.8	641.7	
488.0	648.3	
488.2	655.0	
488.4	661.8	
488.6	668.7	
488.8	675.7	
489.0	682.7	
489.2	689.9	
489.4	697.3	
489.6	704.8	
489.8	712.4	
490.0	720.0	
490.2	727.6	
490.4	735.1	
490.6	742.7	
490.8	750.3	
491.0	757.8	
491.2	765.4	
491.4	773.1	
491.6	780.7	
491.8	788.6	
492.0	796.6	
492.2	804.7	
492.4	813.0	
492.6	821.1	
492.8	829.1	
493.0	837.1	
493.2	844.7	
493.4	852.5	
493.6	860.5	
493.8	868.6	
494.0	877.0	
494.2	885.3	
494.4	893.7	
494.6	902.3	
494.8	911.0	
495.0	919.8	
495.2	928.8	
495.4	937.6	
495.6	946.2	
495.8	954.6	
496.0	962.8	
496.2	971.1	
496.4	979.5	
496.6	988.0	
496.8	996.6	
497.0	1005	
497.2	1014	
497.4	1022	
497.6	1031	
497.8	1040	
498.0	1048	
498.2	1057	
498.4	1066	
498.6	1075	
498.8	1084	
499.0	1093	
499.2	1102	
499.4	1112	
499.6	1121	
499.8	1131	
500.0	1139	
500.2	1148	
500.4	1158	
500.6	1167	
500.8	1177	
501.0	1187	
501.2	1196	
501.4	1206	
501.6	1215	
501.8	1224	
502.0	1233	
502.2	1242	
502.4	1251	
502.6	1260	
502.8	1269	
503.0	1278	
503.2	1288	
503.4	1297	
503.6	1306	
503.8	1316	
504.0	1326	
504.2	1336	
504.4	1345	
504.6	1355	
504.8	1365	
505.0	1375	
505.2	1384	
505.4	1394	
505.6	1403	
505.8	1413	
506.0	1422	
506.2	1431	
506.4	1441	
506.6	1451	
506.8	1461	
507.0	1471	
507.2	1481	
507.4	1491	
507.6	1500	
507.8	1510	
508.0	1519	
508.2	1529	
508.4	1538	
508.6	1549	
508.8	1559	
509.0	1569	
509.2	1579	
509.4	1589	
509.6	1598	
509.8	1607	
510.0	1616	
510.2	1626	
510.4	1636	
510.6	1647	
510.8	1657	
511.0	1667	
511.2	1677	
511.4	1687	
511.6	1697	
511.8	1708	
512.0	1717	
512.2	1726	
512.4	1736	
512.6	1745	
512.8	1754	
513.0	1763	
513.2	1773	
513.4	1782	
513.6	1792	
513.8	1801	
514.0	1810	
514.2	1819	
514.4	1829	
514.6	1838	
514.8	1848	
515.0	1857	
515.2	1867	
515.4	1876	
515.6	1886	
515.8	1895	
516.0	1905	
516.2	1915	
516.4	1924	
516.6	1932	
516.8	1940	
517.0	1949	
517.2	1957	
517.4	1967	
517.6	1975	
517.8	1984	
518.0	1992	
518.2	2000	
518.4	2009	
518.6	2017	
518.8	2026	
519.0	2035	
519.2	2043	
519.4	2051	
519.6	2059	
519.8	2068	
520.0	2076	
520.2	2084	
520.4	2092	
520.6	2100	
520.8	2108	
521.0	2116	
521.2	2124	
521.4	2132	
521.6	2140	
521.8	2147	
522.0	2154	
522.2	2161	
522.4	2168	
522.6	2175	
522.8	2181	
523.0	2188	
523.2	2195	
523.4	2201	
523.6	2208	
523.8	2214	
524.0	2221	
524.2	2227	
524.4	2233	
524.6	2239	
524.8	2245	
525.0	2251	
525.2	2257	
525.4	2262	
525.6	2268	
525.8	2274	
526.0	2279	
526.2	2284	
526.4	2289	
526.6	2293	
526.8	2298	
527.0	2303	
527.2	2308	
527.4	2313	
527.6	2318	
527.8	2323	
528.0	2327	
528.2	2331	
528.4	2335	
528.6	2339	
528.8	2343	
529.0	2347	
529.2	2350	
529.4	2354	
529.6	2357	
529.8	2361	
530.0	2364	
530.2	2366	
530.4	2368	
530.6	2371	
530.8	2373	
531.0	2376	
531.2	2378	
531.4	2380	
531.6	2382	
531.8	2384	
532.0	2386	
532.2	2387	
532.4	2389	
532.6	2390	
532.8	2391	
533.0	2392	
533.2	2393	
533.4	2394	
533.6	2394	
533.8	2395	
534.0	2395	
534.2	2395	
534.4	2395	
534.6	2395	
534.8	2395	
535.0	2395	
535.2	2396	
535.4	2396	
535.6	2395	
535.8	2395	
536.0	2394	
536.2	2393	
536.4	2392	
536.6	2391	
536.8	2390	
537.0	2390	
537.2	2389	
537.4	2389	
537.6	2387	
537.8	2385	
538.0	2384	
538.2	2382	
538.4	2380	
538.6	2378	
538.8	2375	
539.0	2373	
539.2	2370	
539.4	2367	
539.6	2364	
539.8	2361	
540.0	2358	
540.2	2355	
540.4	2352	
540.6	2350	
540.8	2347	
541.0	2345	
541.2	2342	
541.4	2339	
541.6	2335	
541.8	2332	
542.0	2329	
542.2	2326	
542.4	2322	
542.6	2318	
542.8	2315	
543.0	2312	
543.2	2309	
543.4	2305	
543.6	2302	
543.8	2298	
544.0	2294	
544.2	2289	
544.4	2285	
544.6	2281	
544.8	2276	
545.0	2271	
545.2	2266	
545.4	2261	
545.6	2256	
545.8	2250	
546.0	2245	
546.2	2239	
546.4	2234	
546.6	2229	
546.8	2225	
547.0	2220	
547.2	2216	
547.4	2210	
547.6	2205	
547.8	2201	
548.0	2196	
548.2	2191	
548.4	2185	
548.6	2179	
548.8	2174	
549.0	2168	
549.2	2164	
549.4	2159	
549.6	2154	
549.8	2149	
550.0	2144	
550.2	2138	
550.4	2132	
550.6	2127	
550.8	2121	
551.0	2115	
551.2	2109	
551.4	2104	
551.6	2099	
551.8	2094	
552.0	2088	
552.2	2083	
552.4	2077	
552.6	2070	
552.8	2065	
553.0	2060	
553.2	2054	
553.4	2048	
553.6	2043	
553.8	2037	
554.0	2032	
554.2	2027	
554.4	2021	
554.6	2015	
554.8	2009	
555.0	2002	
555.2	1996	
555.4	1990	
555.6	1984	
555.8	1978	
556.0	1972	
556.2	1966	
556.4	1960	
556.6	1955	
556.8	1949	
557.0	1943	
557.2	1937	
557.4	1932	
557.6	1926	
557.8	1920	
558.0	1913	
558.2	1907	
558.4	1901	
558.6	1895	
558.8	1889	
559.0	1883	
559.2	1876	
559.4	1870	
559.6	1863	
559.8	1856	
560.0	1850	
560.2	1844	
560.4	1838	
560.6	1832	
560.8	1826	
561.0	1819	
561.2	1813	
561.4	1807	
561.6	1801	
561.8	1795	
562.0	1789	
562.2	1783	
562.4	1776	
562.6	1770	
562.8	1763	
563.0	1757	
563.2	1751	
563.4	1745	
563.6	1739	
563.8	1733	
564.0	1727	
564.2	1721	
564.4	1715	
564.6	1709	
564.8	1703	
565.0	1696	
565.2	1690	
565.4	1684	
565.6	1677	
565.8	1670	
566.0	1664	
566.2	1657	
566.4	1650	
566.6	1644	
566.8	1637	
567.0	1631	
567.2	1624	
567.4	1618	
567.6	1611	
567.8	1605	
568.0	1598	
568.2	1591	
568.4	1585	
568.6	1580	
568.8	1574	
569.0	1568	
569.2	1561	
569.4	1555	
569.6	1548	
569.8	1542	
570.0	1536	
570.2	1530	
570.4	1525	
570.6	1518	
570.8	1512	
571.0	1506	
571.2	1500	
571.4	1494	
571.6	1489	
571.8	1483	
572.0	1477	
572.2	1471	
572.4	1465	
572.6	1458	
572.8	1452	
573.0	1445	
573.2	1439	
573.4	1432	
573.6	1426	
573.8	1420	
574.0	1414	
574.2	1408	
574.4	1402	
574.6	1396	
574.8	1390	
575.0	1384	
575.2	1379	
575.4	1373	
575.6	1367	
575.8	1360	
576.0	1354	
576.2	1347	
576.4	1341	
576.6	1335	
576.8	1329	
577.0	1323	
577.2	1317	
577.4	1311	
577.6	1305	
577.8	1299	
578.0	1293	
578.2	1287	
578.4	1280	
578.6	1274	
578.8	1268	
579.0	1262	
579.2	1256	
579.4	1249	
579.6	1243	
579.8	1237	
580.0	1231	
580.2	1226	
580.4	1220	
580.6	1214	
580.8	1208	
581.0	1202	
581.2	1196	
581.4	1191	
581.6	1185	
581.8	1179	
582.0	1173	
582.2	1167	
582.4	1161	
582.6	1155	
582.8	1149	
583.0	1144	
583.2	1138	
583.4	1133	
583.6	1128	
583.8	1122	
584.0	1116	
584.2	1110	
584.4	1104	
584.6	1097	
584.8	1091	
585.0	1085	
585.2	1079	
585.4	1074	
585.6	1067	
585.8	1061	
586.0	1055	
586.2	1049	
586.4	1044	
586.6	1038	
586.8	1033	
587.0	1027	
587.2	1022	
587.4	1017	
587.6	1011	
587.8	1006	
588.0	1001	
588.2	995.1	
588.4	989.5	
588.6	983.7	
588.8	978.4	
589.0	973.1	
589.2	967.7	
589.4	962.2	
589.6	956.7	
589.8	951.4	
590.0	946.5	
590.2	941.5	
590.4	936.2	
590.6	930.7	
590.8	925.1	
591.0	919.6	
591.2	914.2	
591.4	909.0	
591.6	903.6	
591.8	898.4	
592.0	893.2	
592.2	888.3	
592.4	883.6	
592.6	878.9	
592.8	873.9	
593.0	868.9	
593.2	863.7	
593.4	858.6	
593.6	853.9	
593.8	849.1	
594.0	844.2	
594.2	839.4	
594.4	834.6	
594.6	830.1	
594.8	825.5	
595.0	820.8	
595.2	816.1	
595.4	811.0	
595.6	806.2	
595.8	801.4	
596.0	796.7	
596.2	792.4	
596.4	788.0	
596.6	783.5	
596.8	779.0	
597.0	774.4	
597.2	769.8	
597.4	765.3	
597.6	760.8	
597.8	756.1	
598.0	751.5	
598.2	746.9	
598.4	742.5	
598.6	738.1	
598.8	733.9	
599.0	729.4	
599.2	724.7	
599.4	720.1	
599.6	715.6	
599.8	711.2	
600.0	707.0	
600.2	702.6	
600.4	698.2	
600.6	693.7	
600.8	689.2	
601.0	684.7	
601.2	680.5	
601.4	676.5	
601.6	672.3	
601.8	668.0	
602.0	663.8	
602.2	659.9	
602.4	655.9	
602.6	651.9	
602.8	648.0	
603.0	644.0	
603.2	640.1	
603.4	636.3	
603.6	632.4	
603.8	628.5	
604.0	624.8	
604.2	620.9	
604.4	617.1	
604.6	613.1	
604.8	609.1	
605.0	605.2	
605.2	601.4	
605.4	597.6	
605.6	593.7	
605.8	589.7	
606.0	585.8	
606.2	581.9	
606.4	578.2	
606.6	574.4	
606.8	570.5	
607.0	566.6	
607.2	562.8	
607.4	559.0	
607.6	555.4	
607.8	551.8	
608.0	548.1	
608.2	544.5	
608.4	541.1	
608.6	537.7	
608.8	534.4	
609.0	531.2	
609.2	527.9	
609.4	524.7	
609.6	521.4	
609.8	517.8	
610.0	514.3	
610.2	511.0	
610.4	507.7	
610.6	504.5	
610.8	501.3	
611.0	497.9	
611.2	494.7	
611.4	491.7	
611.6	488.5	
611.8	485.3	
612.0	481.9	
612.2	478.4	
612.4	475.0	
612.6	472.0	
612.8	468.9	
613.0	465.9	
613.2	462.7	
613.4	459.3	
613.6	456.0	
613.8	452.7	
614.0	449.5	
614.2	446.5	
614.4	443.6	
614.6	440.7	
614.8	438.0	
615.0	435.1	
615.2	432.2	
615.4	429.2	
615.6	426.0	
615.8	422.9	
616.0	420.0	
616.2	417.1	
616.4	414.4	
616.6	411.5	
616.8	408.6	
617.0	405.6	
617.2	402.7	
617.4	400.0	
617.6	397.3	
617.8	394.4	
618.0	391.6	
618.2	388.8	
618.4	386.2	
618.6	383.5	
618.8	380.6	
619.0	377.7	
619.2	375.0	
619.4	372.4	
619.6	369.8	
619.8	367.0	
620.0	364.1	
620.2	361.3	
620.4	358.5	
620.6	355.9	
620.8	353.5	
621.0	351.2	
621.2	348.8	
621.4	346.4	
621.6	343.8	
621.8	341.4	
622.0	339.1	
622.2	336.7	
622.4	334.3	
622.6	331.9	
622.8	329.6	
623.0	327.3	
623.2	325.0	
623.4	322.7	
623.6	320.3	
623.8	318.0	
624.0	315.8	
624.2	313.6	
624.4	311.5	
624.6	309.5	
624.8	307.3	
625.0	305.0	
625.2	302.5	
625.4	300.0	
625.6	297.6	
625.8	295.4	
626.0	293.2	
626.2	291.0	
626.4	288.9	
626.6	286.8	
626.8	284.8	
627.0	282.7	
627.2	280.6	
627.4	278.4	
627.6	276.2	
627.8	273.7	
628.0	271.3	
628.2	269.0	
628.4	266.7	
628.6	264.6	
628.8	262.5	
629.0	260.5	
629.2	258.6	
629.4	256.8	
629.6	254.9	
629.8	252.9	
630.0	251.0	
630.2	249.0	
630.4	247.1	
630.6	245.3	
630.8	243.4	
631.0	241.5	
631.2	239.6	
631.4	237.6	
631.6	235.7	
631.8	233.9	
632.0	232.1	
632.2	230.4	
632.4	228.7	
632.6	227.0	
632.8	225.3	
633.0	223.6	
633.2	221.9	
633.4	220.2	
633.6	218.4	
633.8	216.6	
634.0	214.8	
634.2	213.1	
634.4	211.3	
634.6	209.5	
634.8	207.7	
635.0	206.0	
635.2	204.3	
635.4	202.7	
635.6	201.2	
635.8	199.7	
636.0	198.4	
636.2	196.9	
636.4	195.3	
636.6	193.7	
636.8	192.2	
637.0	190.7	
637.2	189.4	
637.4	188.0	
637.6	186.7	
637.8	185.3	
638.0	184.0	
638.2	182.6	
638.4	181.4	
638.6	180.1	
638.8	178.8	
639.0	177.6	
639.2	176.3	
639.4	174.9	
639.6	173.5	
639.8	172.2	
640.0	170.8	
640.2	169.4	
640.4	168.1	
640.6	166.7	
640.8	165.3	
641.0	164.0	
641.2	162.7	
641.4	161.5	
641.6	160.3	
641.8	159.1	
642.0	157.9	
642.2	156.8	
642.4	155.6	
642.6	154.2	
642.8	152.8	
643.0	151.5	
643.2	150.4	
643.4	149.3	
643.6	148.4	
643.8	147.3	
644.0	146.0	
644.2	144.8	
644.4	143.5	
644.6	142.3	
644.8	141.2	
645.0	140.2	
645.2	139.1	
645.4	137.9	
645.6	136.7	
645.8	135.6	
646.0	134.6	
646.2	133.5	
646.4	132.4	
646.6	131.2	
646.8	130.1	
647.0	128.9	
647.2	127.8	
647.4	126.8	
647.6	125.9	
647.8	125.1	
648.0	124.3	
648.2	123.4	
648.4	122.4	
648.6	121.4	
648.8	120.5	
649.0	119.6	
649.2	118.6	
649.4	117.6	
649.6	116.7	
649.8	115.8	
650.0	114.9	
650.2	113.9	
650.4	112.9	
650.6	111.7	
650.8	110.6	
651.0	109.5	
651.2	108.6	
651.4	107.7	
651.6	106.9	
651.8	106.0	
652.0	105.2	
652.2	104.3	
652.4	103.5	
652.6	102.7	
652.8	101.9	
653.0	101.2	
653.2	100.3	
653.4	99.49	
653.6	98.76	
653.8	98.02	
654.0	97.23	
654.2	96.44	
654.4	95.59	
654.6	94.80	
654.8	94.16	
655.0	93.47	
655.2	92.67	
655.4	91.82	
655.6	90.93	
655.8	90.05	
656.0	89.27	
656.2	88.51	
656.4	87.77	
656.6	87.08	
656.8	86.41	
657.0	85.72	
657.2	85.02	
657.4	84.27	
657.6	83.53	
657.8	82.76	
658.0	82.05	
658.2	81.36	
658.4	80.72	
658.6	80.10	
658.8	79.50	
659.0	78.78	
659.2	78.07	
659.4	77.42	
659.6	76.82	
659.8	76.30	
660.0	75.74	
660.2	75.01	
660.4	74.25	
660.6	73.57	
660.8	72.90	
661.0	72.30	
661.2	71.74	
661.4	71.20	
661.6	70.73	
661.8	70.25	
662.0	69.77	
662.2	69.30	
662.4	68.86	
662.6	68.41	
662.8	67.86	
663.0	67.22	
663.2	66.55	
663.4	65.86	
663.6	65.21	
663.8	64.62	
664.0	64.08	
664.2	63.58	
664.4	63.06	
664.6	62.51	
664.8	61.94	
665.0	61.37	
665.2	60.83	
665.4	60.38	
665.6	59.95	
665.8	59.56	
666.0	59.15	
666.2	58.69	
666.4	58.18	
666.6	57.70	
666.8	57.20	
667.0	56.72	
667.2	56.22	
667.4	55.71	
667.6	55.25	
667.8	54.80	
668.0	54.33	
668.2	53.82	
668.4	53.25	
668.6	52.73	
668.8	52.32	
669.0	51.97	
669.2	51.61	
669.4	51.23	
669.6	50.78	
669.8	50.28	
670.0	49.80	
670.2	49.36	
670.4	48.92	
670.6	48.52	
670.8	48.11	
671.0	47.66	
671.2	47.19	
671.4	46.81	
671.6	46.44	
671.8	46.07	
672.0	45.70	
672.2	45.31	
672.4	44.91	
672.6	44.52	
672.8	44.17	
673.0	43.78	
673.2	43.39	
673.4	43.03	
673.6	42.68	
673.8	42.31	
674.0	41.92	
674.2	41.52	
674.4	41.15	
674.6	40.83	
674.8	40.53	
675.0	40.25	
675.2	39.93	
675.4	39.58	
675.6	39.26	
675.8	38.97	
676.0	38.65	
676.2	38.36	
676.4	38.03	
676.6	37.68	
676.8	37.32	
677.0	36.98	
677.2	36.62	
677.4	36.30	
677.6	35.93	
677.8	35.57	
678.0	35.23	
678.2	34.90	
678.4	34.64	
678.6	34.44	
678.8	34.25	
679.0	34.07	
679.2	33.92	
679.4	33.72	
679.6	33.46	
679.8	33.15	
680.0	32.80	
680.2	32.46	
680.4	32.15	
680.6	31.87	
680.8	31.60	
681.0	31.37	
681.2	31.19	
681.4	30.98	
681.6	30.70	
681.8	30.41	
682.0	30.13	
682.2	29.90	
682.4	29.65	
682.6	29.37	
682.8	29.05	
683.0	28.74	
683.2	28.46	
683.4	28.21	
683.6	27.92	
683.8	27.70	
684.0	27.48	
684.2	27.29	
684.4	27.11	
684.6	26.92	
684.8	26.72	
685.0	26.52	
685.2	26.26	
685.4	26.03	
685.6	25.79	
685.8	25.58	
686.0	25.38	
686.2	25.22	
686.4	25.06	
686.6	24.94	
686.8	24.81	
687.0	24.68	
687.2	24.49	
687.4	24.25	
687.6	24.00	
687.8	23.81	
688.0	23.67	
688.2	23.54	
688.4	23.40	
688.6	23.21	
688.8	23.01	
689.0	22.83	
689.2	22.66	
689.4	22.47	
689.6	22.29	
689.8	22.11	
690.0	21.93	
690.2	21.76	
690.4	21.61	
690.6	21.47	
690.8	21.30	
691.0	21.11	
691.2	20.90	
691.4	20.74	
691.6	20.62	
691.8	20.52	
692.0	20.41	
692.2	20.24	
692.4	20.09	
692.6	19.95	
692.8	19.85	
693.0	19.78	
693.2	19.72	
693.4	19.61	
693.6	19.52	
693.8	19.39	
694.0	19.22	
694.2	19.04	
694.4	18.87	
694.6	18.73	
694.8	18.62	
695.0	18.52	
695.2	18.38	
695.4	18.24	
695.6	18.08	
695.8	17.93	
696.0	17.77	
696.2	17.64	
696.4	17.50	
696.6	17.36	
696.8	17.22	
697.0	17.06	
697.2	16.89	
697.4	16.76	
697.6	16.62	
697.8	16.52	
698.0	16.44	
698.2	16.35	
698.4	16.26	
698.6	16.19	
698.8	16.12	
699.0	16.08	
699.2	16.02	
699.4	15.91	
699.6	15.78	
699.8	15.67	
700.0	15.62	
		
