		
nm	Data	
440.0	9318	
440.2	9264	
440.4	9163	
440.6	9022	
440.8	8846	
441.0	8639	
441.2	8406	
441.4	8152	
441.6	7881	
441.8	7596	
442.0	7303	
442.2	7003	
442.4	6699	
442.6	6392	
442.8	6083	
443.0	5773	
443.2	5466	
443.4	5163	
443.6	4867	
443.8	4579	
444.0	4298	
444.2	4025	
444.4	3761	
444.6	3508	
444.8	3265	
445.0	3033	
445.2	2813	
445.4	2605	
445.6	2409	
445.8	2225	
446.0	2052	
446.2	1889	
446.4	1738	
446.6	1598	
446.8	1468	
447.0	1348	
447.2	1238	
447.4	1136	
447.6	1042	
447.8	956.9	
448.0	878.8	
448.2	807.6	
448.4	742.6	
448.6	683.5	
448.8	629.7	
449.0	581.0	
449.2	536.7	
449.4	496.3	
449.6	459.7	
449.8	426.5	
450.0	396.4	
450.2	369.1	
450.4	344.3	
450.6	321.7	
450.8	301.3	
451.0	282.8	
451.2	266.0	
451.4	250.9	
451.6	237.2	
451.8	224.7	
452.0	213.4	
452.2	203.2	
452.4	194.1	
452.6	185.8	
452.8	178.4	
453.0	171.6	
453.2	165.5	
453.4	160.0	
453.6	155.1	
453.8	150.8	
454.0	146.9	
454.2	143.4	
454.4	140.4	
454.6	137.7	
454.8	135.5	
455.0	133.5	
455.2	131.7	
455.4	130.2	
455.6	128.8	
455.8	127.7	
456.0	126.7	
456.2	125.9	
456.4	125.4	
456.6	125.0	
456.8	124.6	
457.0	124.5	
457.2	124.4	
457.4	124.5	
457.6	124.7	
457.8	125.0	
458.0	125.4	
458.2	125.8	
458.4	126.3	
458.6	126.8	
458.8	127.4	
459.0	128.1	
459.2	128.8	
459.4	129.7	
459.6	130.6	
459.8	131.5	
460.0	132.4	
460.2	133.4	
460.4	134.6	
460.6	135.8	
460.8	137.0	
461.0	138.1	
461.2	139.3	
461.4	140.3	
461.6	141.5	
461.8	142.7	
462.0	143.9	
462.2	145.2	
462.4	146.5	
462.6	147.8	
462.8	149.2	
463.0	150.6	
463.2	152.0	
463.4	153.6	
463.6	155.2	
463.8	156.8	
464.0	158.5	
464.2	160.2	
464.4	161.8	
464.6	163.5	
464.8	165.1	
465.0	166.6	
465.2	168.2	
465.4	170.0	
465.6	171.9	
465.8	173.9	
466.0	175.9	
466.2	177.7	
466.4	179.5	
466.6	181.5	
466.8	183.3	
467.0	185.3	
467.2	187.2	
467.4	189.1	
467.6	191.1	
467.8	193.1	
468.0	195.0	
468.2	197.1	
468.4	199.5	
468.6	201.9	
468.8	204.5	
469.0	207.1	
469.2	209.5	
469.4	211.9	
469.6	214.2	
469.8	216.3	
470.0	218.6	
470.2	221.1	
470.4	223.7	
470.6	226.4	
470.8	229.1	
471.0	231.6	
471.2	234.0	
471.4	236.5	
471.6	239.1	
471.8	241.7	
472.0	244.5	
472.2	247.2	
472.4	249.8	
472.6	252.3	
472.8	255.0	
473.0	257.8	
473.2	260.7	
473.4	263.5	
473.6	266.2	
473.8	268.8	
474.0	271.6	
474.2	274.5	
474.4	277.5	
474.6	280.7	
474.8	283.8	
475.0	287.2	
475.2	290.6	
475.4	293.9	
475.6	297.0	
475.8	300.1	
476.0	303.0	
476.2	306.0	
476.4	309.3	
476.6	312.6	
476.8	315.8	
477.0	319.0	
477.2	322.0	
477.4	325.1	
477.6	328.4	
477.8	331.8	
478.0	335.3	
478.2	338.9	
478.4	342.4	
478.6	345.9	
478.8	349.2	
479.0	352.8	
479.2	356.4	
479.4	360.2	
479.6	364.1	
479.8	368.1	
480.0	372.2	
480.2	376.1	
480.4	380.2	
480.6	384.1	
480.8	388.2	
481.0	392.3	
481.2	396.4	
481.4	400.6	
481.6	405.0	
481.8	409.4	
482.0	413.8	
482.2	418.2	
482.4	422.5	
482.6	427.0	
482.8	431.5	
483.0	436.2	
483.2	440.8	
483.4	445.5	
483.6	450.2	
483.8	454.9	
484.0	459.6	
484.2	464.3	
484.4	469.2	
484.6	474.2	
484.8	479.4	
485.0	484.4	
485.2	489.4	
485.4	494.2	
485.6	499.1	
485.8	504.2	
486.0	509.4	
486.2	514.7	
486.4	520.2	
486.6	525.8	
486.8	531.2	
487.0	536.8	
487.2	542.3	
487.4	547.7	
487.6	553.3	
487.8	558.7	
488.0	564.2	
488.2	569.8	
488.4	575.5	
488.6	581.3	
488.8	587.3	
489.0	593.3	
489.2	599.4	
489.4	605.2	
489.6	611.0	
489.8	616.9	
490.0	623.1	
490.2	629.5	
490.4	635.9	
490.6	642.5	
490.8	649.2	
491.0	656.0	
491.2	662.8	
491.4	669.3	
491.6	675.7	
491.8	682.1	
492.0	688.5	
492.2	694.9	
492.4	701.6	
492.6	708.1	
492.8	714.5	
493.0	720.9	
493.2	727.4	
493.4	734.1	
493.6	740.9	
493.8	747.6	
494.0	754.5	
494.2	761.6	
494.4	769.0	
494.6	776.6	
494.8	784.3	
495.0	791.7	
495.2	798.9	
495.4	806.2	
495.6	813.2	
495.8	820.3	
496.0	827.7	
496.2	835.1	
496.4	842.2	
496.6	849.3	
496.8	856.4	
497.0	863.7	
497.2	871.1	
497.4	878.4	
497.6	885.8	
497.8	893.5	
498.0	901.3	
498.2	909.5	
498.4	917.6	
498.6	925.4	
498.8	933.1	
499.0	940.7	
499.2	948.1	
499.4	955.7	
499.6	963.3	
499.8	971.1	
500.0	979.3	
500.2	987.4	
500.4	995.3	
500.6	1003	
500.8	1011	
501.0	1019	
501.2	1027	
501.4	1035	
501.6	1043	
501.8	1051	
502.0	1058	
502.2	1066	
502.4	1074	
502.6	1082	
502.8	1090	
503.0	1098	
503.2	1106	
503.4	1114	
503.6	1122	
503.8	1131	
504.0	1139	
504.2	1148	
504.4	1156	
504.6	1163	
504.8	1171	
505.0	1180	
505.2	1188	
505.4	1195	
505.6	1203	
505.8	1211	
506.0	1219	
506.2	1228	
506.4	1236	
506.6	1245	
506.8	1253	
507.0	1261	
507.2	1270	
507.4	1278	
507.6	1286	
507.8	1294	
508.0	1302	
508.2	1310	
508.4	1318	
508.6	1326	
508.8	1335	
509.0	1343	
509.2	1351	
509.4	1359	
509.6	1367	
509.8	1375	
510.0	1383	
510.2	1391	
510.4	1399	
510.6	1407	
510.8	1415	
511.0	1422	
511.2	1430	
511.4	1439	
511.6	1447	
511.8	1455	
512.0	1463	
512.2	1470	
512.4	1478	
512.6	1486	
512.8	1494	
513.0	1502	
513.2	1510	
513.4	1518	
513.6	1526	
513.8	1534	
514.0	1541	
514.2	1549	
514.4	1557	
514.6	1564	
514.8	1572	
515.0	1581	
515.2	1589	
515.4	1597	
515.6	1604	
515.8	1612	
516.0	1620	
516.2	1628	
516.4	1636	
516.6	1643	
516.8	1651	
517.0	1659	
517.2	1667	
517.4	1674	
517.6	1682	
517.8	1689	
518.0	1696	
518.2	1704	
518.4	1712	
518.6	1719	
518.8	1725	
519.0	1731	
519.2	1738	
519.4	1744	
519.6	1751	
519.8	1758	
520.0	1765	
520.2	1772	
520.4	1779	
520.6	1786	
520.8	1793	
521.0	1799	
521.2	1806	
521.4	1812	
521.6	1819	
521.8	1825	
522.0	1831	
522.2	1837	
522.4	1843	
522.6	1849	
522.8	1855	
523.0	1861	
523.2	1867	
523.4	1873	
523.6	1879	
523.8	1884	
524.0	1888	
524.2	1893	
524.4	1898	
524.6	1902	
524.8	1907	
525.0	1913	
525.2	1917	
525.4	1922	
525.6	1927	
525.8	1931	
526.0	1936	
526.2	1941	
526.4	1946	
526.6	1951	
526.8	1956	
527.0	1959	
527.2	1963	
527.4	1966	
527.6	1970	
527.8	1974	
528.0	1978	
528.2	1981	
528.4	1985	
528.6	1988	
528.8	1991	
529.0	1994	
529.2	1997	
529.4	2000	
529.6	2003	
529.8	2006	
530.0	2008	
530.2	2010	
530.4	2012	
530.6	2014	
530.8	2016	
531.0	2018	
531.2	2021	
531.4	2022	
531.6	2023	
531.8	2024	
532.0	2025	
532.2	2026	
532.4	2028	
532.6	2030	
532.8	2031	
533.0	2032	
533.2	2033	
533.4	2034	
533.6	2034	
533.8	2033	
534.0	2033	
534.2	2033	
534.4	2034	
534.6	2034	
534.8	2033	
535.0	2033	
535.2	2032	
535.4	2032	
535.6	2032	
535.8	2031	
536.0	2030	
536.2	2028	
536.4	2027	
536.6	2026	
536.8	2025	
537.0	2024	
537.2	2022	
537.4	2021	
537.6	2020	
537.8	2018	
538.0	2017	
538.2	2016	
538.4	2014	
538.6	2011	
538.8	2009	
539.0	2007	
539.2	2005	
539.4	2002	
539.6	2000	
539.8	1998	
540.0	1997	
540.2	1995	
540.4	1993	
540.6	1991	
540.8	1988	
541.0	1986	
541.2	1983	
541.4	1981	
541.6	1979	
541.8	1977	
542.0	1975	
542.2	1972	
542.4	1968	
542.6	1965	
542.8	1962	
543.0	1958	
543.2	1955	
543.4	1952	
543.6	1948	
543.8	1944	
544.0	1941	
544.2	1937	
544.4	1934	
544.6	1931	
544.8	1927	
545.0	1923	
545.2	1919	
545.4	1915	
545.6	1912	
545.8	1908	
546.0	1904	
546.2	1900	
546.4	1896	
546.6	1892	
546.8	1888	
547.0	1883	
547.2	1879	
547.4	1874	
547.6	1870	
547.8	1866	
548.0	1862	
548.2	1857	
548.4	1853	
548.6	1849	
548.8	1845	
549.0	1841	
549.2	1836	
549.4	1832	
549.6	1827	
549.8	1822	
550.0	1817	
550.2	1812	
550.4	1808	
550.6	1804	
550.8	1799	
551.0	1795	
551.2	1791	
551.4	1786	
551.6	1781	
551.8	1776	
552.0	1771	
552.2	1766	
552.4	1761	
552.6	1756	
552.8	1752	
553.0	1748	
553.2	1743	
553.4	1739	
553.6	1733	
553.8	1728	
554.0	1723	
554.2	1717	
554.4	1711	
554.6	1705	
554.8	1700	
555.0	1695	
555.2	1690	
555.4	1686	
555.6	1681	
555.8	1676	
556.0	1670	
556.2	1665	
556.4	1660	
556.6	1656	
556.8	1651	
557.0	1646	
557.2	1641	
557.4	1636	
557.6	1631	
557.8	1626	
558.0	1620	
558.2	1615	
558.4	1610	
558.6	1605	
558.8	1599	
559.0	1594	
559.2	1588	
559.4	1583	
559.6	1578	
559.8	1573	
560.0	1567	
560.2	1562	
560.4	1557	
560.6	1551	
560.8	1547	
561.0	1542	
561.2	1536	
561.4	1531	
561.6	1525	
561.8	1520	
562.0	1515	
562.2	1509	
562.4	1504	
562.6	1500	
562.8	1495	
563.0	1490	
563.2	1485	
563.4	1480	
563.6	1474	
563.8	1469	
564.0	1463	
564.2	1458	
564.4	1453	
564.6	1448	
564.8	1443	
565.0	1438	
565.2	1433	
565.4	1428	
565.6	1423	
565.8	1417	
566.0	1412	
566.2	1407	
566.4	1401	
566.6	1396	
566.8	1390	
567.0	1385	
567.2	1379	
567.4	1374	
567.6	1369	
567.8	1364	
568.0	1359	
568.2	1353	
568.4	1348	
568.6	1342	
568.8	1336	
569.0	1331	
569.2	1325	
569.4	1320	
569.6	1316	
569.8	1311	
570.0	1306	
570.2	1300	
570.4	1295	
570.6	1290	
570.8	1284	
571.0	1279	
571.2	1274	
571.4	1269	
571.6	1263	
571.8	1258	
572.0	1253	
572.2	1247	
572.4	1242	
572.6	1236	
572.8	1230	
573.0	1224	
573.2	1219	
573.4	1214	
573.6	1209	
573.8	1204	
574.0	1199	
574.2	1194	
574.4	1188	
574.6	1183	
574.8	1178	
575.0	1173	
575.2	1168	
575.4	1162	
575.6	1157	
575.8	1152	
576.0	1147	
576.2	1143	
576.4	1138	
576.6	1132	
576.8	1127	
577.0	1122	
577.2	1116	
577.4	1111	
577.6	1106	
577.8	1101	
578.0	1095	
578.2	1090	
578.4	1084	
578.6	1079	
578.8	1073	
579.0	1068	
579.2	1063	
579.4	1058	
579.6	1053	
579.8	1048	
580.0	1042	
580.2	1037	
580.4	1032	
580.6	1027	
580.8	1022	
581.0	1016	
581.2	1010	
581.4	1005	
581.6	999.8	
581.8	995.2	
582.0	990.7	
582.2	986.0	
582.4	981.0	
582.6	976.0	
582.8	970.7	
583.0	965.5	
583.2	960.6	
583.4	955.8	
583.6	951.1	
583.8	946.6	
584.0	942.0	
584.2	937.5	
584.4	932.9	
584.6	928.1	
584.8	923.2	
585.0	918.3	
585.2	913.6	
585.4	908.8	
585.6	903.9	
585.8	898.9	
586.0	894.1	
586.2	889.6	
586.4	885.3	
586.6	880.8	
586.8	876.1	
587.0	871.2	
587.2	866.3	
587.4	861.5	
587.6	857.1	
587.8	852.7	
588.0	848.7	
588.2	844.6	
588.4	840.6	
588.6	836.3	
588.8	831.9	
589.0	827.4	
589.2	822.9	
589.4	818.2	
589.6	813.4	
589.8	808.4	
590.0	803.5	
590.2	798.8	
590.4	794.3	
590.6	790.2	
590.8	786.1	
591.0	781.9	
591.2	777.7	
591.4	773.2	
591.6	768.6	
591.8	764.1	
592.0	759.6	
592.2	755.1	
592.4	750.9	
592.6	746.8	
592.8	742.8	
593.0	738.8	
593.2	734.6	
593.4	730.2	
593.6	726.0	
593.8	721.7	
594.0	717.4	
594.2	713.1	
594.4	709.0	
594.6	705.0	
594.8	701.0	
595.0	697.0	
595.2	692.9	
595.4	688.7	
595.6	684.6	
595.8	680.7	
596.0	676.8	
596.2	672.7	
596.4	668.7	
596.6	664.7	
596.8	660.7	
597.0	657.0	
597.2	653.2	
597.4	649.2	
597.6	645.1	
597.8	640.9	
598.0	636.8	
598.2	633.0	
598.4	629.4	
598.6	625.9	
598.8	622.4	
599.0	618.6	
599.2	614.8	
599.4	611.1	
599.6	607.5	
599.8	603.9	
600.0	600.4	
600.2	597.0	
600.4	593.5	
600.6	590.0	
600.8	586.4	
601.0	582.7	
601.2	579.1	
601.4	575.3	
601.6	571.6	
601.8	567.9	
602.0	564.3	
602.2	560.6	
602.4	557.0	
602.6	553.4	
602.8	549.9	
603.0	546.3	
603.2	542.8	
603.4	539.3	
603.6	535.9	
603.8	532.5	
604.0	529.3	
604.2	526.1	
604.4	523.0	
604.6	519.7	
604.8	516.3	
605.0	512.8	
605.2	509.6	
605.4	506.5	
605.6	503.6	
605.8	500.7	
606.0	497.8	
606.2	494.6	
606.4	491.3	
606.6	487.7	
606.8	484.1	
607.0	480.5	
607.2	477.2	
607.4	474.2	
607.6	471.3	
607.8	468.5	
608.0	465.6	
608.2	462.6	
608.4	459.7	
608.6	456.9	
608.8	454.0	
609.0	451.2	
609.2	448.4	
609.4	445.6	
609.6	442.9	
609.8	440.1	
610.0	437.3	
610.2	434.6	
610.4	431.7	
610.6	428.8	
610.8	426.1	
611.0	423.4	
611.2	420.4	
611.4	417.4	
611.6	414.3	
611.8	411.3	
612.0	408.6	
612.2	406.2	
612.4	403.6	
612.6	401.1	
612.8	398.6	
613.0	396.0	
613.2	393.3	
613.4	390.6	
613.6	387.8	
613.8	385.0	
614.0	382.4	
614.2	379.9	
614.4	377.5	
614.6	374.9	
614.8	372.3	
615.0	369.6	
615.2	367.1	
615.4	364.4	
615.6	361.9	
615.8	359.1	
616.0	356.3	
616.2	353.7	
616.4	351.3	
616.6	349.0	
616.8	346.7	
617.0	344.2	
617.2	341.7	
617.4	339.3	
617.6	337.2	
617.8	335.1	
618.0	333.0	
618.2	330.8	
618.4	328.4	
618.6	325.8	
618.8	323.4	
619.0	321.0	
619.2	318.6	
619.4	316.3	
619.6	314.1	
619.8	311.8	
620.0	309.7	
620.2	307.5	
620.4	305.4	
620.6	303.1	
620.8	300.9	
621.0	298.8	
621.2	296.8	
621.4	294.7	
621.6	292.5	
621.8	290.2	
622.0	288.0	
622.2	285.9	
622.4	284.0	
622.6	282.0	
622.8	280.0	
623.0	277.9	
623.2	275.8	
623.4	273.6	
623.6	271.5	
623.8	269.6	
624.0	267.6	
624.2	265.7	
624.4	263.8	
624.6	261.9	
624.8	260.1	
625.0	258.4	
625.2	256.5	
625.4	254.4	
625.6	252.3	
625.8	250.2	
626.0	248.3	
626.2	246.5	
626.4	244.6	
626.6	242.7	
626.8	240.9	
627.0	239.1	
627.2	237.5	
627.4	235.6	
627.6	233.7	
627.8	231.8	
628.0	229.9	
628.2	228.0	
628.4	226.2	
628.6	224.3	
628.8	222.7	
629.0	221.1	
629.2	219.4	
629.4	217.8	
629.6	216.1	
629.8	214.4	
630.0	212.7	
630.2	211.0	
630.4	209.3	
630.6	207.8	
630.8	206.5	
631.0	205.0	
631.2	203.5	
631.4	201.9	
631.6	200.3	
631.8	198.7	
632.0	197.0	
632.2	195.4	
632.4	193.8	
632.6	192.5	
632.8	191.1	
633.0	189.6	
633.2	188.1	
633.4	186.7	
633.6	185.5	
633.8	184.4	
634.0	183.2	
634.2	182.0	
634.4	180.8	
634.6	179.6	
634.8	178.3	
635.0	177.0	
635.2	175.8	
635.4	174.5	
635.6	173.3	
635.8	172.0	
636.0	170.7	
636.2	169.5	
636.4	168.3	
636.6	167.0	
636.8	165.8	
637.0	164.6	
637.2	163.2	
637.4	161.9	
637.6	160.6	
637.8	159.3	
638.0	158.1	
638.2	156.8	
638.4	155.6	
638.6	154.4	
638.8	153.2	
639.0	151.9	
639.2	150.7	
639.4	149.5	
639.6	148.3	
639.8	147.1	
640.0	145.9	
640.2	144.7	
640.4	143.6	
640.6	142.7	
640.8	141.8	
641.0	140.7	
641.2	139.5	
641.4	138.3	
641.6	136.9	
641.8	135.6	
642.0	134.3	
642.2	133.1	
642.4	132.0	
642.6	131.1	
642.8	130.0	
643.0	129.0	
643.2	128.0	
643.4	126.9	
643.6	125.9	
643.8	125.0	
644.0	123.9	
644.2	122.9	
644.4	121.9	
644.6	121.0	
644.8	120.2	
645.0	119.3	
645.2	118.4	
645.4	117.5	
645.6	116.4	
645.8	115.5	
646.0	114.5	
646.2	113.7	
646.4	112.9	
646.6	111.9	
646.8	111.0	
647.0	110.1	
647.2	109.1	
647.4	108.3	
647.6	107.3	
647.8	106.3	
648.0	105.3	
648.2	104.4	
648.4	103.5	
648.6	102.8	
648.8	102.1	
649.0	101.4	
649.2	100.8	
649.4	100.2	
649.6	99.40	
649.8	98.58	
650.0	97.78	
650.2	96.92	
650.4	96.15	
650.6	95.41	
650.8	94.59	
651.0	93.83	
651.2	93.18	
651.4	92.52	
651.6	91.73	
651.8	90.90	
652.0	90.03	
652.2	89.19	
652.4	88.49	
652.6	87.82	
652.8	87.11	
653.0	86.43	
653.2	85.74	
653.4	85.08	
653.6	84.41	
653.8	83.70	
654.0	83.03	
654.2	82.38	
654.4	81.74	
654.6	81.15	
654.8	80.45	
655.0	79.76	
655.2	79.10	
655.4	78.39	
655.6	77.64	
655.8	76.93	
656.0	76.27	
656.2	75.64	
656.4	75.02	
656.6	74.32	
656.8	73.66	
657.0	73.04	
657.2	72.51	
657.4	71.90	
657.6	71.30	
657.8	70.71	
658.0	70.15	
658.2	69.57	
658.4	68.95	
658.6	68.29	
658.8	67.65	
659.0	67.06	
659.2	66.49	
659.4	65.93	
659.6	65.40	
659.8	64.86	
660.0	64.25	
660.2	63.67	
660.4	63.07	
660.6	62.56	
660.8	62.11	
661.0	61.61	
661.2	61.03	
661.4	60.51	
661.6	60.02	
661.8	59.59	
662.0	59.19	
662.2	58.72	
662.4	58.23	
662.6	57.80	
662.8	57.34	
663.0	56.85	
663.2	56.36	
663.4	55.83	
663.6	55.39	
663.8	55.01	
664.0	54.62	
664.2	54.18	
664.4	53.74	
664.6	53.30	
664.8	52.93	
665.0	52.55	
665.2	52.20	
665.4	51.83	
665.6	51.47	
665.8	51.06	
666.0	50.63	
666.2	50.14	
666.4	49.68	
666.6	49.26	
666.8	48.82	
667.0	48.34	
667.2	47.82	
667.4	47.30	
667.6	46.83	
667.8	46.43	
668.0	46.04	
668.2	45.68	
668.4	45.27	
668.6	44.88	
668.8	44.49	
669.0	44.14	
669.2	43.79	
669.4	43.43	
669.6	43.08	
669.8	42.70	
670.0	42.28	
670.2	41.87	
670.4	41.49	
670.6	41.11	
670.8	40.80	
671.0	40.53	
671.2	40.29	
671.4	40.08	
671.6	39.86	
671.8	39.59	
672.0	39.29	
672.2	38.96	
672.4	38.64	
672.6	38.33	
672.8	37.97	
673.0	37.62	
673.2	37.27	
673.4	36.92	
673.6	36.64	
673.8	36.37	
674.0	36.06	
674.2	35.73	
674.4	35.38	
674.6	35.00	
674.8	34.68	
675.0	34.40	
675.2	34.13	
675.4	33.86	
675.6	33.60	
675.8	33.29	
676.0	33.03	
676.2	32.75	
676.4	32.49	
676.6	32.26	
676.8	32.08	
677.0	31.87	
677.2	31.64	
677.4	31.29	
677.6	30.95	
677.8	30.65	
678.0	30.42	
678.2	30.20	
678.4	29.94	
678.6	29.68	
678.8	29.44	
679.0	29.23	
679.2	28.98	
679.4	28.70	
679.6	28.40	
679.8	28.15	
680.0	27.97	
680.2	27.80	
680.4	27.59	
680.6	27.35	
680.8	27.10	
681.0	26.91	
681.2	26.75	
681.4	26.55	
681.6	26.33	
681.8	26.12	
682.0	25.94	
682.2	25.79	
682.4	25.62	
682.6	25.43	
682.8	25.22	
683.0	24.99	
683.2	24.78	
683.4	24.60	
683.6	24.38	
683.8	24.21	
684.0	24.03	
684.2	23.82	
684.4	23.62	
684.6	23.46	
684.8	23.29	
685.0	23.18	
685.2	23.06	
685.4	22.90	
685.6	22.69	
685.8	22.44	
686.0	22.16	
686.2	21.92	
686.4	21.73	
686.6	21.58	
686.8	21.44	
687.0	21.28	
687.2	21.11	
687.4	20.96	
687.6	20.79	
687.8	20.62	
688.0	20.44	
688.2	20.30	
688.4	20.19	
688.6	20.09	
688.8	19.98	
689.0	19.81	
689.2	19.61	
689.4	19.44	
689.6	19.25	
689.8	19.07	
690.0	18.92	
690.2	18.75	
690.4	18.60	
690.6	18.45	
690.8	18.27	
691.0	18.12	
691.2	18.03	
691.4	17.92	
691.6	17.84	
691.8	17.76	
692.0	17.68	
692.2	17.58	
692.4	17.48	
692.6	17.34	
692.8	17.17	
693.0	17.00	
693.2	16.87	
693.4	16.75	
693.6	16.65	
693.8	16.52	
694.0	16.39	
694.2	16.25	
694.4	16.16	
694.6	16.07	
694.8	15.96	
695.0	15.81	
695.2	15.67	
695.4	15.51	
695.6	15.38	
695.8	15.29	
696.0	15.21	
696.2	15.15	
696.4	15.11	
696.6	15.07	
696.8	15.02	
697.0	14.95	
697.2	14.85	
697.4	14.74	
697.6	14.67	
697.8	14.64	
698.0	14.62	
698.2	14.56	
698.4	14.46	
698.6	14.34	
698.8	14.22	
699.0	14.11	
699.2	14.01	
699.4	13.91	
699.6	13.82	
699.8	13.73	
700.0	13.67	
		
