				
nm	Data	
440.0	9271	
440.2	9216	
440.4	9116	
440.6	8977	
440.8	8803	
441.0	8598	
441.2	8368	
441.4	8114	
441.6	7846	
441.8	7564	
442.0	7274	
442.2	6977	
442.4	6675	
442.6	6368	
442.8	6061	
443.0	5752	
443.2	5447	
443.4	5145	
443.6	4851	
443.8	4563	
444.0	4283	
444.2	4012	
444.4	3749	
444.6	3496	
444.8	3253	
445.0	3022	
445.2	2803	
445.4	2596	
445.6	2401	
445.8	2217	
446.0	2045	
446.2	1883	
446.4	1733	
446.6	1593	
446.8	1463	
447.0	1344	
447.2	1234	
447.4	1132	
447.6	1039	
447.8	953.5	
448.0	875.5	
448.2	804.5	
448.4	739.8	
448.6	680.9	
448.8	627.4	
449.0	578.8	
449.2	534.6	
449.4	494.6	
449.6	458.2	
449.8	425.1	
450.0	395.0	
450.2	367.7	
450.4	343.0	
450.6	320.6	
450.8	300.4	
451.0	282.0	
451.2	265.4	
451.4	250.2	
451.6	236.4	
451.8	223.9	
452.0	212.6	
452.2	202.4	
452.4	193.3	
452.6	185.1	
452.8	177.7	
453.0	171.0	
453.2	165.0	
453.4	159.6	
453.6	154.8	
453.8	150.4	
454.0	146.6	
454.2	143.2	
454.4	140.2	
454.6	137.6	
454.8	135.3	
455.0	133.3	
455.2	131.5	
455.4	130.0	
455.6	128.7	
455.8	127.6	
456.0	126.7	
456.2	125.9	
456.4	125.2	
456.6	124.7	
456.8	124.4	
457.0	124.2	
457.2	124.1	
457.4	124.1	
457.6	124.3	
457.8	124.7	
458.0	125.2	
458.2	125.7	
458.4	126.0	
458.6	126.5	
458.8	127.2	
459.0	128.1	
459.2	129.0	
459.4	129.9	
459.6	130.7	
459.8	131.5	
460.0	132.4	
460.2	133.3	
460.4	134.2	
460.6	135.3	
460.8	136.3	
461.0	137.5	
461.2	138.6	
461.4	139.9	
461.6	141.2	
461.8	142.6	
462.0	143.7	
462.2	144.9	
462.4	145.9	
462.6	147.1	
462.8	148.5	
463.0	150.0	
463.2	151.4	
463.4	152.8	
463.6	154.1	
463.8	155.5	
464.0	157.0	
464.2	158.8	
464.4	160.4	
464.6	162.0	
464.8	163.6	
465.0	165.2	
465.2	167.0	
465.4	168.8	
465.6	170.6	
465.8	172.4	
466.0	174.2	
466.2	176.1	
466.4	178.0	
466.6	179.8	
466.8	181.6	
467.0	183.5	
467.2	185.5	
467.4	187.6	
467.6	189.7	
467.8	191.7	
468.0	193.7	
468.2	195.8	
468.4	198.1	
468.6	200.3	
468.8	202.6	
469.0	204.9	
469.2	207.1	
469.4	209.5	
469.6	212.0	
469.8	214.6	
470.0	217.2	
470.2	219.7	
470.4	222.3	
470.6	224.8	
470.8	227.3	
471.0	229.9	
471.2	232.5	
471.4	235.1	
471.6	237.6	
471.8	240.1	
472.0	242.7	
472.2	245.3	
472.4	248.0	
472.6	250.7	
472.8	253.4	
473.0	256.3	
473.2	259.3	
473.4	262.4	
473.6	265.4	
473.8	268.0	
474.0	270.6	
474.2	273.4	
474.4	276.3	
474.6	279.4	
474.8	282.6	
475.0	285.6	
475.2	288.6	
475.4	291.7	
475.6	294.7	
475.8	297.8	
476.0	301.0	
476.2	304.1	
476.4	307.2	
476.6	310.6	
476.8	314.0	
477.0	317.4	
477.2	320.8	
477.4	324.0	
477.6	327.3	
477.8	330.6	
478.0	333.8	
478.2	337.0	
478.4	340.5	
478.6	344.1	
478.8	347.9	
479.0	351.6	
479.2	355.0	
479.4	358.4	
479.6	362.2	
479.8	366.0	
480.0	370.1	
480.2	373.9	
480.4	377.7	
480.6	381.6	
480.8	385.5	
481.0	389.5	
481.2	393.5	
481.4	397.3	
481.6	401.3	
481.8	405.4	
482.0	409.4	
482.2	413.5	
482.4	417.7	
482.6	421.7	
482.8	425.8	
483.0	430.0	
483.2	434.5	
483.4	439.2	
483.6	444.1	
483.8	448.8	
484.0	453.4	
484.2	458.2	
484.4	463.1	
484.6	468.2	
484.8	473.3	
485.0	478.5	
485.2	483.5	
485.4	488.3	
485.6	493.1	
485.8	498.0	
486.0	503.2	
486.2	508.6	
486.4	514.2	
486.6	519.7	
486.8	525.0	
487.0	530.3	
487.2	535.7	
487.4	541.0	
487.6	546.5	
487.8	552.3	
488.0	558.1	
488.2	564.0	
488.4	569.9	
488.6	575.8	
488.8	581.6	
489.0	587.4	
489.2	593.2	
489.4	599.1	
489.6	605.5	
489.8	611.6	
490.0	617.7	
490.2	623.8	
490.4	630.1	
490.6	636.5	
490.8	643.4	
491.0	650.1	
491.2	656.5	
491.4	662.8	
491.6	669.0	
491.8	675.2	
492.0	681.5	
492.2	688.1	
492.4	694.7	
492.6	701.2	
492.8	707.8	
493.0	714.3	
493.2	720.8	
493.4	727.5	
493.6	734.2	
493.8	740.7	
494.0	747.1	
494.2	753.6	
494.4	760.4	
494.6	767.3	
494.8	774.5	
495.0	781.9	
495.2	789.0	
495.4	796.1	
495.6	803.0	
495.8	809.7	
496.0	816.6	
496.2	823.9	
496.4	831.1	
496.6	838.6	
496.8	845.9	
497.0	852.9	
497.2	860.1	
497.4	867.3	
497.6	874.3	
497.8	881.8	
498.0	889.3	
498.2	896.7	
498.4	904.1	
498.6	911.8	
498.8	919.5	
499.0	927.5	
499.2	935.6	
499.4	943.5	
499.6	951.6	
499.8	959.8	
500.0	968.2	
500.2	976.5	
500.4	984.7	
500.6	992.7	
500.8	1001	
501.0	1009	
501.2	1017	
501.4	1024	
501.6	1032	
501.8	1040	
502.0	1048	
502.2	1056	
502.4	1064	
502.6	1072	
502.8	1080	
503.0	1087	
503.2	1095	
503.4	1102	
503.6	1110	
503.8	1117	
504.0	1126	
504.2	1134	
504.4	1142	
504.6	1150	
504.8	1158	
505.0	1165	
505.2	1173	
505.4	1181	
505.6	1189	
505.8	1197	
506.0	1205	
506.2	1213	
506.4	1221	
506.6	1229	
506.8	1237	
507.0	1246	
507.2	1254	
507.4	1262	
507.6	1270	
507.8	1279	
508.0	1287	
508.2	1295	
508.4	1302	
508.6	1310	
508.8	1318	
509.0	1326	
509.2	1334	
509.4	1341	
509.6	1349	
509.8	1357	
510.0	1366	
510.2	1373	
510.4	1381	
510.6	1389	
510.8	1397	
511.0	1405	
511.2	1413	
511.4	1421	
511.6	1429	
511.8	1437	
512.0	1445	
512.2	1453	
512.4	1460	
512.6	1468	
512.8	1475	
513.0	1483	
513.2	1491	
513.4	1499	
513.6	1507	
513.8	1514	
514.0	1521	
514.2	1529	
514.4	1537	
514.6	1545	
514.8	1553	
515.0	1561	
515.2	1569	
515.4	1577	
515.6	1585	
515.8	1593	
516.0	1600	
516.2	1608	
516.4	1616	
516.6	1624	
516.8	1632	
517.0	1640	
517.2	1647	
517.4	1654	
517.6	1661	
517.8	1668	
518.0	1675	
518.2	1682	
518.4	1689	
518.6	1696	
518.8	1703	
519.0	1711	
519.2	1717	
519.4	1724	
519.6	1731	
519.8	1738	
520.0	1744	
520.2	1751	
520.4	1757	
520.6	1763	
520.8	1770	
521.0	1776	
521.2	1782	
521.4	1788	
521.6	1795	
521.8	1802	
522.0	1808	
522.2	1814	
522.4	1820	
522.6	1825	
522.8	1831	
523.0	1837	
523.2	1843	
523.4	1849	
523.6	1854	
523.8	1860	
524.0	1866	
524.2	1871	
524.4	1875	
524.6	1880	
524.8	1884	
525.0	1888	
525.2	1893	
525.4	1897	
525.6	1901	
525.8	1905	
526.0	1910	
526.2	1914	
526.4	1918	
526.6	1922	
526.8	1926	
527.0	1930	
527.2	1934	
527.4	1937	
527.6	1941	
527.8	1944	
528.0	1948	
528.2	1952	
528.4	1956	
528.6	1959	
528.8	1962	
529.0	1965	
529.2	1968	
529.4	1970	
529.6	1973	
529.8	1976	
530.0	1980	
530.2	1982	
530.4	1984	
530.6	1986	
530.8	1987	
531.0	1989	
531.2	1991	
531.4	1992	
531.6	1993	
531.8	1995	
532.0	1997	
532.2	1998	
532.4	2000	
532.6	2001	
532.8	2002	
533.0	2002	
533.2	2003	
533.4	2004	
533.6	2004	
533.8	2005	
534.0	2005	
534.2	2004	
534.4	2005	
534.6	2006	
534.8	2007	
535.0	2007	
535.2	2007	
535.4	2005	
535.6	2004	
535.8	2003	
536.0	2003	
536.2	2003	
536.4	2003	
536.6	2001	
536.8	2000	
537.0	1998	
537.2	1995	
537.4	1994	
537.6	1993	
537.8	1992	
538.0	1991	
538.2	1990	
538.4	1988	
538.6	1986	
538.8	1983	
539.0	1981	
539.2	1979	
539.4	1977	
539.6	1976	
539.8	1974	
540.0	1973	
540.2	1971	
540.4	1969	
540.6	1967	
540.8	1964	
541.0	1961	
541.2	1959	
541.4	1956	
541.6	1954	
541.8	1951	
542.0	1947	
542.2	1943	
542.4	1940	
542.6	1936	
542.8	1933	
543.0	1930	
543.2	1926	
543.4	1923	
543.6	1919	
543.8	1915	
544.0	1911	
544.2	1908	
544.4	1905	
544.6	1902	
544.8	1898	
545.0	1894	
545.2	1890	
545.4	1887	
545.6	1883	
545.8	1879	
546.0	1875	
546.2	1871	
546.4	1867	
546.6	1863	
546.8	1859	
547.0	1855	
547.2	1850	
547.4	1845	
547.6	1840	
547.8	1836	
548.0	1832	
548.2	1827	
548.4	1823	
548.6	1819	
548.8	1815	
549.0	1811	
549.2	1806	
549.4	1802	
549.6	1797	
549.8	1793	
550.0	1788	
550.2	1784	
550.4	1779	
550.6	1775	
550.8	1771	
551.0	1766	
551.2	1761	
551.4	1757	
551.6	1753	
551.8	1749	
552.0	1744	
552.2	1739	
552.4	1735	
552.6	1730	
552.8	1725	
553.0	1720	
553.2	1715	
553.4	1711	
553.6	1706	
553.8	1702	
554.0	1697	
554.2	1692	
554.4	1687	
554.6	1683	
554.8	1678	
555.0	1673	
555.2	1668	
555.4	1663	
555.6	1658	
555.8	1653	
556.0	1647	
556.2	1642	
556.4	1637	
556.6	1632	
556.8	1627	
557.0	1622	
557.2	1618	
557.4	1613	
557.6	1608	
557.8	1603	
558.0	1599	
558.2	1594	
558.4	1589	
558.6	1583	
558.8	1577	
559.0	1572	
559.2	1567	
559.4	1562	
559.6	1557	
559.8	1552	
560.0	1547	
560.2	1542	
560.4	1536	
560.6	1531	
560.8	1525	
561.0	1520	
561.2	1515	
561.4	1510	
561.6	1504	
561.8	1499	
562.0	1493	
562.2	1488	
562.4	1482	
562.6	1477	
562.8	1472	
563.0	1467	
563.2	1462	
563.4	1457	
563.6	1452	
563.8	1448	
564.0	1443	
564.2	1438	
564.4	1433	
564.6	1428	
564.8	1423	
565.0	1417	
565.2	1412	
565.4	1407	
565.6	1402	
565.8	1397	
566.0	1392	
566.2	1387	
566.4	1382	
566.6	1377	
566.8	1371	
567.0	1366	
567.2	1360	
567.4	1355	
567.6	1350	
567.8	1345	
568.0	1340	
568.2	1334	
568.4	1329	
568.6	1324	
568.8	1319	
569.0	1314	
569.2	1309	
569.4	1304	
569.6	1299	
569.8	1293	
570.0	1288	
570.2	1282	
570.4	1277	
570.6	1271	
570.8	1266	
571.0	1261	
571.2	1255	
571.4	1250	
571.6	1245	
571.8	1240	
572.0	1235	
572.2	1230	
572.4	1225	
572.6	1219	
572.8	1215	
573.0	1210	
573.2	1205	
573.4	1200	
573.6	1194	
573.8	1189	
574.0	1184	
574.2	1178	
574.4	1173	
574.6	1168	
574.8	1163	
575.0	1158	
575.2	1152	
575.4	1147	
575.6	1141	
575.8	1136	
576.0	1131	
576.2	1126	
576.4	1121	
576.6	1116	
576.8	1111	
577.0	1105	
577.2	1100	
577.4	1095	
577.6	1090	
577.8	1085	
578.0	1080	
578.2	1075	
578.4	1070	
578.6	1065	
578.8	1059	
579.0	1054	
579.2	1049	
579.4	1044	
579.6	1039	
579.8	1035	
580.0	1030	
580.2	1025	
580.4	1021	
580.6	1016	
580.8	1011	
581.0	1006	
581.2	1000	
581.4	995.0	
581.6	990.1	
581.8	985.2	
582.0	980.1	
582.2	975.0	
582.4	970.3	
582.6	965.4	
582.8	960.7	
583.0	955.8	
583.2	950.8	
583.4	945.7	
583.6	940.7	
583.8	936.0	
584.0	931.4	
584.2	927.1	
584.4	922.7	
584.6	917.9	
584.8	913.2	
585.0	908.3	
585.2	903.4	
585.4	898.5	
585.6	893.4	
585.8	888.4	
586.0	883.6	
586.2	878.9	
586.4	874.4	
586.6	869.7	
586.8	865.0	
587.0	860.2	
587.2	855.4	
587.4	850.7	
587.6	846.3	
587.8	842.0	
588.0	838.0	
588.2	833.8	
588.4	829.4	
588.6	824.7	
588.8	820.1	
589.0	815.7	
589.2	811.6	
589.4	807.5	
589.6	803.1	
589.8	798.6	
590.0	794.1	
590.2	789.5	
590.4	785.0	
590.6	780.5	
590.8	776.2	
591.0	771.9	
591.2	767.8	
591.4	763.5	
591.6	758.9	
591.8	754.3	
592.0	749.6	
592.2	744.7	
592.4	740.3	
592.6	735.9	
592.8	731.7	
593.0	728.0	
593.2	724.2	
593.4	720.4	
593.6	716.5	
593.8	712.3	
594.0	708.1	
594.2	704.0	
594.4	699.9	
594.6	695.7	
594.8	691.4	
595.0	687.2	
595.2	683.0	
595.4	678.7	
595.6	674.7	
595.8	670.8	
596.0	666.9	
596.2	662.9	
596.4	658.8	
596.6	654.7	
596.8	650.6	
597.0	646.5	
597.2	642.6	
597.4	638.9	
597.6	635.4	
597.8	632.0	
598.0	628.3	
598.2	624.2	
598.4	620.3	
598.6	616.6	
598.8	613.2	
599.0	609.9	
599.2	606.3	
599.4	602.7	
599.6	599.1	
599.8	595.5	
600.0	591.9	
600.2	588.5	
600.4	585.1	
600.6	581.7	
600.8	578.2	
601.0	574.6	
601.2	570.8	
601.4	567.0	
601.6	563.4	
601.8	559.9	
602.0	556.6	
602.2	553.3	
602.4	549.7	
602.6	546.1	
602.8	542.8	
603.0	539.8	
603.2	536.8	
603.4	533.7	
603.6	530.5	
603.8	527.2	
604.0	523.8	
604.2	520.5	
604.4	516.9	
604.6	513.3	
604.8	509.8	
605.0	506.5	
605.2	503.2	
605.4	500.1	
605.6	497.1	
605.8	494.0	
606.0	490.7	
606.2	487.4	
606.4	484.0	
606.6	480.9	
606.8	478.1	
607.0	475.4	
607.2	472.5	
607.4	469.4	
607.6	466.3	
607.8	463.1	
608.0	460.0	
608.2	456.9	
608.4	453.9	
608.6	450.8	
608.8	447.8	
609.0	444.7	
609.2	441.8	
609.4	438.9	
609.6	436.0	
609.8	433.2	
610.0	430.4	
610.2	427.7	
610.4	424.9	
610.6	422.2	
610.8	419.6	
611.0	416.9	
611.2	414.2	
611.4	411.4	
611.6	408.6	
611.8	406.1	
612.0	403.5	
612.2	401.0	
612.4	398.5	
612.6	395.9	
612.8	393.3	
613.0	390.7	
613.2	388.2	
613.4	385.7	
613.6	382.9	
613.8	380.0	
614.0	377.1	
614.2	374.0	
614.4	371.2	
614.6	368.6	
614.8	366.2	
615.0	363.8	
615.2	361.5	
615.4	359.0	
615.6	356.3	
615.8	353.6	
616.0	351.0	
616.2	348.5	
616.4	346.0	
616.6	343.5	
616.8	341.2	
617.0	338.9	
617.2	336.6	
617.4	334.2	
617.6	331.7	
617.8	329.3	
618.0	327.1	
618.2	324.8	
618.4	322.6	
618.6	320.4	
618.8	318.2	
619.0	316.0	
619.2	313.7	
619.4	311.4	
619.6	309.1	
619.8	307.1	
620.0	305.2	
620.2	303.2	
620.4	301.1	
620.6	299.0	
620.8	296.8	
621.0	294.6	
621.2	292.5	
621.4	290.2	
621.6	287.9	
621.8	285.5	
622.0	283.2	
622.2	281.1	
622.4	279.2	
622.6	277.2	
622.8	275.4	
623.0	273.4	
623.2	271.5	
623.4	269.6	
623.6	267.7	
623.8	265.8	
624.0	263.9	
624.2	261.9	
624.4	259.8	
624.6	257.8	
624.8	255.8	
625.0	253.8	
625.2	251.6	
625.4	249.4	
625.6	247.3	
625.8	245.5	
626.0	243.8	
626.2	242.0	
626.4	240.2	
626.6	238.3	
626.8	236.5	
627.0	234.9	
627.2	233.2	
627.4	231.4	
627.6	229.8	
627.8	228.2	
628.0	226.6	
628.2	224.9	
628.4	223.2	
628.6	221.5	
628.8	220.0	
629.0	218.5	
629.2	216.8	
629.4	215.0	
629.6	213.3	
629.8	211.7	
630.0	210.2	
630.2	208.5	
630.4	206.7	
630.6	204.9	
630.8	203.3	
631.0	201.9	
631.2	200.6	
631.4	199.2	
631.6	197.7	
631.8	196.1	
632.0	194.6	
632.2	193.0	
632.4	191.6	
632.6	190.2	
632.8	188.9	
633.0	187.5	
633.2	186.1	
633.4	184.6	
633.6	183.2	
633.8	181.8	
634.0	180.6	
634.2	179.4	
634.4	178.2	
634.6	177.0	
634.8	175.7	
635.0	174.4	
635.2	173.2	
635.4	172.1	
635.6	171.0	
635.8	169.8	
636.0	168.5	
636.2	167.2	
636.4	165.8	
636.6	164.4	
636.8	163.0	
637.0	161.7	
637.2	160.4	
637.4	159.1	
637.6	157.9	
637.8	156.7	
638.0	155.4	
638.2	154.2	
638.4	153.0	
638.6	151.8	
638.8	150.6	
639.0	149.4	
639.2	148.2	
639.4	147.0	
639.6	145.9	
639.8	144.7	
640.0	143.5	
640.2	142.5	
640.4	141.4	
640.6	140.3	
640.8	139.2	
641.0	137.9	
641.2	136.8	
641.4	135.7	
641.6	134.7	
641.8	133.7	
642.0	132.7	
642.2	131.6	
642.4	130.5	
642.6	129.4	
642.8	128.3	
643.0	127.3	
643.2	126.4	
643.4	125.4	
643.6	124.3	
643.8	123.4	
644.0	122.3	
644.2	121.3	
644.4	120.3	
644.6	119.3	
644.8	118.3	
645.0	117.5	
645.2	116.9	
645.4	116.2	
645.6	115.5	
645.8	114.6	
646.0	113.7	
646.2	112.8	
646.4	112.0	
646.6	111.1	
646.8	110.2	
647.0	109.2	
647.2	108.1	
647.4	107.1	
647.6	106.2	
647.8	105.3	
648.0	104.5	
648.2	103.6	
648.4	102.7	
648.6	101.8	
648.8	101.0	
649.0	100.1	
649.2	99.31	
649.4	98.52	
649.6	97.66	
649.8	96.72	
650.0	95.75	
650.2	94.88	
650.4	94.13	
650.6	93.43	
650.8	92.74	
651.0	92.02	
651.2	91.33	
651.4	90.71	
651.6	90.14	
651.8	89.53	
652.0	88.95	
652.2	88.33	
652.4	87.71	
652.6	87.06	
652.8	86.37	
653.0	85.64	
653.2	84.91	
653.4	84.17	
653.6	83.50	
653.8	82.86	
654.0	82.19	
654.2	81.51	
654.4	80.88	
654.6	80.21	
654.8	79.52	
655.0	78.82	
655.2	78.01	
655.4	77.15	
655.6	76.39	
655.8	75.73	
656.0	75.12	
656.2	74.55	
656.4	73.91	
656.6	73.25	
656.8	72.58	
657.0	71.91	
657.2	71.26	
657.4	70.60	
657.6	69.92	
657.8	69.33	
658.0	68.76	
658.2	68.18	
658.4	67.65	
658.6	67.13	
658.8	66.56	
659.0	66.03	
659.2	65.51	
659.4	64.96	
659.6	64.45	
659.8	63.94	
660.0	63.38	
660.2	62.76	
660.4	62.16	
660.6	61.59	
660.8	61.03	
661.0	60.54	
661.2	60.04	
661.4	59.52	
661.6	59.02	
661.8	58.57	
662.0	58.08	
662.2	57.61	
662.4	57.18	
662.6	56.80	
662.8	56.41	
663.0	56.03	
663.2	55.63	
663.4	55.16	
663.6	54.71	
663.8	54.21	
664.0	53.70	
664.2	53.23	
664.4	52.89	
664.6	52.57	
664.8	52.21	
665.0	51.74	
665.2	51.22	
665.4	50.70	
665.6	50.25	
665.8	49.80	
666.0	49.34	
666.2	48.87	
666.4	48.40	
666.6	47.97	
666.8	47.56	
667.0	47.19	
667.2	46.82	
667.4	46.48	
667.6	46.10	
667.8	45.71	
668.0	45.34	
668.2	44.96	
668.4	44.62	
668.6	44.24	
668.8	43.82	
669.0	43.41	
669.2	43.00	
669.4	42.62	
669.6	42.29	
669.8	41.92	
670.0	41.58	
670.2	41.30	
670.4	41.03	
670.6	40.82	
670.8	40.64	
671.0	40.42	
671.2	40.14	
671.4	39.83	
671.6	39.45	
671.8	39.06	
672.0	38.70	
672.2	38.32	
672.4	37.97	
672.6	37.64	
672.8	37.34	
673.0	37.10	
673.2	36.87	
673.4	36.60	
673.6	36.29	
673.8	35.94	
674.0	35.60	
674.2	35.30	
674.4	35.03	
674.6	34.78	
674.8	34.53	
675.0	34.28	
675.2	34.00	
675.4	33.74	
675.6	33.47	
675.8	33.19	
676.0	32.89	
676.2	32.59	
676.4	32.30	
676.6	32.06	
676.8	31.82	
677.0	31.56	
677.2	31.27	
677.4	30.97	
677.6	30.73	
677.8	30.48	
678.0	30.27	
678.2	30.03	
678.4	29.77	
678.6	29.51	
678.8	29.25	
679.0	28.94	
679.2	28.64	
679.4	28.38	
679.6	28.17	
679.8	28.03	
680.0	27.90	
680.2	27.72	
680.4	27.52	
680.6	27.30	
680.8	27.08	
681.0	26.86	
681.2	26.63	
681.4	26.36	
681.6	26.11	
681.8	25.87	
682.0	25.70	
682.2	25.55	
682.4	25.41	
682.6	25.24	
682.8	25.05	
683.0	24.83	
683.2	24.64	
683.4	24.42	
683.6	24.20	
683.8	24.01	
684.0	23.82	
684.2	23.61	
684.4	23.42	
684.6	23.23	
684.8	23.07	
685.0	22.92	
685.2	22.73	
685.4	22.55	
685.6	22.41	
685.8	22.28	
686.0	22.14	
686.2	21.96	
686.4	21.70	
686.6	21.50	
686.8	21.33	
687.0	21.17	
687.2	21.01	
687.4	20.82	
687.6	20.63	
687.8	20.47	
688.0	20.33	
688.2	20.20	
688.4	20.08	
688.6	19.93	
688.8	19.78	
689.0	19.60	
689.2	19.42	
689.4	19.24	
689.6	19.08	
689.8	18.95	
690.0	18.85	
690.2	18.77	
690.4	18.67	
690.6	18.55	
690.8	18.41	
691.0	18.28	
691.2	18.15	
691.4	18.02	
691.6	17.91	
691.8	17.76	
692.0	17.64	
692.2	17.52	
692.4	17.39	
692.6	17.28	
692.8	17.16	
693.0	17.04	
693.2	16.91	
693.4	16.77	
693.6	16.62	
693.8	16.52	
694.0	16.43	
694.2	16.37	
694.4	16.27	
694.6	16.15	
694.8	16.00	
695.0	15.87	
695.2	15.73	
695.4	15.59	
695.6	15.44	
695.8	15.28	
696.0	15.16	
696.2	15.05	
696.4	14.95	
696.6	14.87	
696.8	14.80	
697.0	14.75	
697.2	14.68	
697.4	14.58	
697.6	14.48	
697.8	14.38	
698.0	14.26	
698.2	14.19	
698.4	14.14	
698.6	14.08	
698.8	14.05	
699.0	13.98	
699.2	13.86	
699.4	13.73	
699.6	13.62	
699.8	13.55	
700.0	13.53	
		
