
nm	Data	
440.0	9297	
440.2	9240	
440.4	9139	
440.6	8998	
440.8	8822	
441.0	8615	
441.2	8382	
441.4	8128	
441.6	7858	
441.8	7574	
442.0	7282	
442.2	6984	
442.4	6681	
442.6	6375	
442.8	6066	
443.0	5756	
443.2	5450	
443.4	5149	
443.6	4853	
443.8	4565	
444.0	4285	
444.2	4013	
444.4	3750	
444.6	3496	
444.8	3254	
445.0	3023	
445.2	2804	
445.4	2596	
445.6	2401	
445.8	2217	
446.0	2045	
446.2	1884	
446.4	1733	
446.6	1593	
446.8	1463	
447.0	1344	
447.2	1234	
447.4	1132	
447.6	1039	
447.8	953.9	
448.0	876.0	
448.2	804.9	
448.4	740.2	
448.6	681.3	
448.8	627.7	
449.0	579.0	
449.2	534.7	
449.4	494.6	
449.6	458.2	
449.8	425.2	
450.0	395.2	
450.2	367.8	
450.4	343.1	
450.6	320.6	
450.8	300.2	
451.0	281.7	
451.2	265.0	
451.4	249.9	
451.6	236.2	
451.8	223.9	
452.0	212.7	
452.2	202.6	
452.4	193.4	
452.6	185.2	
452.8	177.7	
453.0	171.0	
453.2	164.9	
453.4	159.3	
453.6	154.3	
453.8	149.9	
454.0	145.9	
454.2	142.4	
454.4	139.4	
454.6	136.8	
454.8	134.5	
455.0	132.5	
455.2	130.7	
455.4	129.1	
455.6	127.7	
455.8	126.6	
456.0	125.7	
456.2	124.9	
456.4	124.3	
456.6	123.9	
456.8	123.5	
457.0	123.3	
457.2	123.2	
457.4	123.3	
457.6	123.5	
457.8	123.8	
458.0	124.2	
458.2	124.6	
458.4	125.0	
458.6	125.6	
458.8	126.2	
459.0	126.9	
459.2	127.7	
459.4	128.4	
459.6	129.1	
459.8	129.8	
460.0	130.7	
460.2	131.6	
460.4	132.6	
460.6	133.6	
460.8	134.8	
461.0	136.0	
461.2	137.1	
461.4	138.3	
461.6	139.5	
461.8	140.8	
462.0	142.1	
462.2	143.5	
462.4	144.9	
462.6	146.4	
462.8	147.9	
463.0	149.2	
463.2	150.6	
463.4	152.0	
463.6	153.7	
463.8	155.3	
464.0	156.9	
464.2	158.3	
464.4	159.7	
464.6	161.1	
464.8	162.8	
465.0	164.5	
465.2	166.3	
465.4	168.2	
465.6	170.2	
465.8	172.1	
466.0	174.0	
466.2	175.9	
466.4	177.9	
466.6	179.8	
466.8	181.8	
467.0	183.8	
467.2	185.8	
467.4	187.7	
467.6	189.4	
467.8	191.1	
468.0	192.8	
468.2	194.7	
468.4	197.0	
468.6	199.4	
468.8	201.7	
469.0	204.0	
469.2	206.3	
469.4	208.8	
469.6	211.4	
469.8	214.0	
470.0	216.4	
470.2	218.6	
470.4	220.8	
470.6	223.0	
470.8	225.2	
471.0	227.6	
471.2	230.0	
471.4	232.5	
471.6	234.9	
471.8	237.5	
472.0	239.9	
472.2	242.3	
472.4	244.8	
472.6	247.2	
472.8	249.6	
473.0	252.2	
473.2	254.9	
473.4	257.9	
473.6	261.0	
473.8	264.0	
474.0	266.9	
474.2	269.8	
474.4	272.8	
474.6	275.7	
474.8	278.6	
475.0	281.7	
475.2	284.9	
475.4	288.1	
475.6	291.2	
475.8	294.0	
476.0	296.7	
476.2	299.5	
476.4	302.7	
476.6	305.9	
476.8	309.2	
477.0	312.5	
477.2	315.6	
477.4	318.7	
477.6	321.8	
477.8	324.8	
478.0	328.1	
478.2	331.4	
478.4	334.8	
478.6	338.2	
478.8	341.6	
479.0	345.2	
479.2	348.8	
479.4	352.5	
479.6	356.3	
479.8	360.2	
480.0	364.1	
480.2	368.2	
480.4	372.1	
480.6	376.0	
480.8	379.8	
481.0	383.7	
481.2	387.6	
481.4	391.8	
481.6	395.8	
481.8	399.7	
482.0	403.7	
482.2	407.7	
482.4	411.8	
482.6	416.1	
482.8	420.3	
483.0	424.6	
483.2	429.0	
483.4	433.5	
483.6	438.1	
483.8	442.8	
484.0	447.4	
484.2	452.1	
484.4	456.6	
484.6	461.3	
484.8	466.2	
485.0	471.2	
485.2	476.2	
485.4	481.2	
485.6	486.1	
485.8	491.0	
486.0	495.9	
486.2	500.7	
486.4	505.7	
486.6	510.9	
486.8	516.0	
487.0	521.2	
487.2	526.4	
487.4	531.6	
487.6	537.1	
487.8	542.8	
488.0	548.6	
488.2	554.3	
488.4	559.9	
488.6	565.3	
488.8	571.1	
489.0	576.7	
489.2	582.5	
489.4	588.4	
489.6	594.1	
489.8	600.1	
490.0	606.3	
490.2	612.4	
490.4	618.5	
490.6	624.7	
490.8	630.8	
491.0	636.9	
491.2	643.1	
491.4	649.3	
491.6	655.6	
491.8	662.0	
492.0	668.3	
492.2	674.8	
492.4	681.1	
492.6	687.5	
492.8	693.8	
493.0	699.9	
493.2	706.0	
493.4	712.1	
493.6	718.4	
493.8	724.8	
494.0	731.6	
494.2	738.5	
494.4	745.6	
494.6	752.8	
494.8	759.9	
495.0	767.0	
495.2	774.0	
495.4	780.9	
495.6	787.6	
495.8	794.6	
496.0	801.8	
496.2	809.2	
496.4	816.6	
496.6	823.7	
496.8	830.5	
497.0	837.2	
497.2	844.1	
497.4	851.1	
497.6	857.9	
497.8	864.8	
498.0	871.6	
498.2	878.6	
498.4	885.9	
498.6	893.4	
498.8	900.7	
499.0	908.1	
499.2	915.4	
499.4	922.8	
499.6	930.1	
499.8	937.5	
500.0	944.7	
500.2	952.1	
500.4	959.4	
500.6	967.2	
500.8	974.9	
501.0	982.7	
501.2	990.4	
501.4	998.0	
501.6	1005	
501.8	1013	
502.0	1021	
502.2	1029	
502.4	1036	
502.6	1044	
502.8	1052	
503.0	1059	
503.2	1067	
503.4	1074	
503.6	1082	
503.8	1089	
504.0	1097	
504.2	1104	
504.4	1112	
504.6	1120	
504.8	1128	
505.0	1136	
505.2	1144	
505.4	1151	
505.6	1159	
505.8	1167	
506.0	1176	
506.2	1184	
506.4	1193	
506.6	1202	
506.8	1210	
507.0	1218	
507.2	1225	
507.4	1233	
507.6	1240	
507.8	1248	
508.0	1256	
508.2	1264	
508.4	1272	
508.6	1279	
508.8	1287	
509.0	1295	
509.2	1302	
509.4	1310	
509.6	1318	
509.8	1326	
510.0	1333	
510.2	1341	
510.4	1348	
510.6	1356	
510.8	1364	
511.0	1372	
511.2	1380	
511.4	1388	
511.6	1396	
511.8	1403	
512.0	1410	
512.2	1418	
512.4	1425	
512.6	1433	
512.8	1440	
513.0	1448	
513.2	1456	
513.4	1464	
513.6	1472	
513.8	1480	
514.0	1488	
514.2	1496	
514.4	1503	
514.6	1511	
514.8	1518	
515.0	1526	
515.2	1533	
515.4	1541	
515.6	1548	
515.8	1556	
516.0	1564	
516.2	1572	
516.4	1580	
516.6	1587	
516.8	1594	
517.0	1601	
517.2	1608	
517.4	1616	
517.6	1623	
517.8	1629	
518.0	1636	
518.2	1643	
518.4	1650	
518.6	1657	
518.8	1664	
519.0	1671	
519.2	1678	
519.4	1685	
519.6	1691	
519.8	1698	
520.0	1704	
520.2	1710	
520.4	1716	
520.6	1722	
520.8	1728	
521.0	1734	
521.2	1740	
521.4	1746	
521.6	1752	
521.8	1757	
522.0	1763	
522.2	1769	
522.4	1774	
522.6	1780	
522.8	1785	
523.0	1791	
523.2	1797	
523.4	1803	
523.6	1809	
523.8	1814	
524.0	1819	
524.2	1823	
524.4	1828	
524.6	1833	
524.8	1838	
525.0	1844	
525.2	1849	
525.4	1854	
525.6	1858	
525.8	1863	
526.0	1867	
526.2	1872	
526.4	1877	
526.6	1881	
526.8	1885	
527.0	1890	
527.2	1893	
527.4	1897	
527.6	1900	
527.8	1903	
528.0	1906	
528.2	1910	
528.4	1913	
528.6	1917	
528.8	1920	
529.0	1923	
529.2	1925	
529.4	1928	
529.6	1930	
529.8	1932	
530.0	1934	
530.2	1935	
530.4	1937	
530.6	1940	
530.8	1942	
531.0	1945	
531.2	1947	
531.4	1949	
531.6	1950	
531.8	1952	
532.0	1953	
532.2	1954	
532.4	1955	
532.6	1956	
532.8	1957	
533.0	1959	
533.2	1960	
533.4	1960	
533.6	1960	
533.8	1960	
534.0	1960	
534.2	1960	
534.4	1961	
534.6	1961	
534.8	1961	
535.0	1961	
535.2	1961	
535.4	1960	
535.6	1960	
535.8	1960	
536.0	1959	
536.2	1957	
536.4	1956	
536.6	1954	
536.8	1953	
537.0	1952	
537.2	1950	
537.4	1948	
537.6	1946	
537.8	1945	
538.0	1943	
538.2	1942	
538.4	1941	
538.6	1939	
538.8	1937	
539.0	1935	
539.2	1933	
539.4	1931	
539.6	1929	
539.8	1927	
540.0	1924	
540.2	1921	
540.4	1919	
540.6	1916	
540.8	1914	
541.0	1912	
541.2	1910	
541.4	1907	
541.6	1905	
541.8	1902	
542.0	1899	
542.2	1896	
542.4	1893	
542.6	1890	
542.8	1887	
543.0	1885	
543.2	1881	
543.4	1878	
543.6	1875	
543.8	1871	
544.0	1868	
544.2	1865	
544.4	1862	
544.6	1858	
544.8	1855	
545.0	1851	
545.2	1847	
545.4	1844	
545.6	1840	
545.8	1836	
546.0	1832	
546.2	1829	
546.4	1825	
546.6	1820	
546.8	1816	
547.0	1812	
547.2	1808	
547.4	1804	
547.6	1800	
547.8	1796	
548.0	1792	
548.2	1788	
548.4	1784	
548.6	1779	
548.8	1775	
549.0	1770	
549.2	1765	
549.4	1761	
549.6	1757	
549.8	1752	
550.0	1747	
550.2	1742	
550.4	1737	
550.6	1732	
550.8	1728	
551.0	1724	
551.2	1720	
551.4	1716	
551.6	1711	
551.8	1707	
552.0	1702	
552.2	1698	
552.4	1694	
552.6	1690	
552.8	1685	
553.0	1681	
553.2	1676	
553.4	1671	
553.6	1667	
553.8	1662	
554.0	1657	
554.2	1652	
554.4	1648	
554.6	1644	
554.8	1640	
555.0	1636	
555.2	1632	
555.4	1626	
555.6	1621	
555.8	1616	
556.0	1610	
556.2	1605	
556.4	1600	
556.6	1595	
556.8	1590	
557.0	1585	
557.2	1580	
557.4	1575	
557.6	1571	
557.8	1566	
558.0	1561	
558.2	1556	
558.4	1551	
558.6	1546	
558.8	1541	
559.0	1535	
559.2	1530	
559.4	1525	
559.6	1520	
559.8	1515	
560.0	1510	
560.2	1506	
560.4	1501	
560.6	1497	
560.8	1492	
561.0	1487	
561.2	1481	
561.4	1475	
561.6	1470	
561.8	1465	
562.0	1460	
562.2	1455	
562.4	1449	
562.6	1444	
562.8	1438	
563.0	1433	
563.2	1427	
563.4	1422	
563.6	1417	
563.8	1412	
564.0	1407	
564.2	1403	
564.4	1398	
564.6	1393	
564.8	1388	
565.0	1383	
565.2	1378	
565.4	1372	
565.6	1367	
565.8	1362	
566.0	1356	
566.2	1352	
566.4	1347	
566.6	1342	
566.8	1338	
567.0	1333	
567.2	1328	
567.4	1322	
567.6	1318	
567.8	1313	
568.0	1308	
568.2	1302	
568.4	1297	
568.6	1292	
568.8	1287	
569.0	1282	
569.2	1278	
569.4	1273	
569.6	1267	
569.8	1262	
570.0	1257	
570.2	1251	
570.4	1246	
570.6	1241	
570.8	1236	
571.0	1230	
571.2	1226	
571.4	1220	
571.6	1215	
571.8	1210	
572.0	1205	
572.2	1199	
572.4	1194	
572.6	1189	
572.8	1184	
573.0	1179	
573.2	1173	
573.4	1168	
573.6	1163	
573.8	1158	
574.0	1153	
574.2	1149	
574.4	1144	
574.6	1139	
574.8	1134	
575.0	1129	
575.2	1124	
575.4	1119	
575.6	1114	
575.8	1108	
576.0	1103	
576.2	1098	
576.4	1093	
576.6	1088	
576.8	1083	
577.0	1078	
577.2	1073	
577.4	1068	
577.6	1063	
577.8	1058	
578.0	1053	
578.2	1048	
578.4	1043	
578.6	1038	
578.8	1033	
579.0	1029	
579.2	1024	
579.4	1019	
579.6	1014	
579.8	1009	
580.0	1004	
580.2	999.1	
580.4	994.3	
580.6	989.3	
580.8	984.4	
581.0	979.7	
581.2	974.8	
581.4	970.0	
581.6	965.2	
581.8	960.3	
582.0	955.7	
582.2	951.4	
582.4	946.9	
582.6	942.3	
582.8	937.8	
583.0	933.0	
583.2	928.4	
583.4	923.8	
583.6	918.9	
583.8	914.1	
584.0	909.1	
584.2	904.1	
584.4	899.2	
584.6	894.6	
584.8	890.0	
585.0	885.6	
585.2	881.0	
585.4	876.3	
585.6	871.6	
585.8	866.8	
586.0	862.0	
586.2	857.5	
586.4	853.0	
586.6	848.6	
586.8	844.1	
587.0	839.6	
587.2	835.0	
587.4	830.5	
587.6	826.0	
587.8	821.3	
588.0	816.7	
588.2	812.3	
588.4	807.9	
588.6	803.3	
588.8	798.6	
589.0	793.9	
589.2	789.6	
589.4	785.2	
589.6	781.0	
589.8	777.0	
590.0	773.1	
590.2	769.0	
590.4	764.8	
590.6	760.4	
590.8	755.8	
591.0	751.3	
591.2	746.9	
591.4	742.7	
591.6	739.0	
591.8	735.2	
592.0	731.4	
592.2	727.4	
592.4	723.1	
592.6	719.0	
592.8	715.0	
593.0	710.9	
593.2	706.7	
593.4	702.7	
593.6	698.7	
593.8	694.6	
594.0	690.6	
594.2	686.4	
594.4	682.3	
594.6	678.3	
594.8	674.4	
595.0	670.5	
595.2	666.8	
595.4	663.0	
595.6	659.2	
595.8	655.1	
596.0	650.9	
596.2	646.7	
596.4	642.8	
596.6	638.8	
596.8	635.1	
597.0	631.3	
597.2	627.9	
597.4	624.4	
597.6	620.8	
597.8	617.1	
598.0	613.5	
598.2	609.8	
598.4	606.1	
598.6	602.5	
598.8	598.9	
599.0	595.2	
599.2	591.7	
599.4	588.4	
599.6	585.0	
599.8	581.7	
600.0	578.3	
600.2	574.9	
600.4	571.4	
600.6	568.2	
600.8	564.8	
601.0	561.4	
601.2	557.9	
601.4	554.3	
601.6	550.7	
601.8	547.1	
602.0	543.6	
602.2	540.3	
602.4	537.1	
602.6	533.8	
602.8	530.6	
603.0	527.2	
603.2	523.9	
603.4	520.5	
603.6	517.2	
603.8	514.0	
604.0	510.9	
604.2	507.8	
604.4	505.0	
604.6	501.8	
604.8	498.6	
605.0	495.2	
605.2	491.8	
605.4	488.4	
605.6	485.1	
605.8	481.9	
606.0	478.5	
606.2	475.2	
606.4	472.1	
606.6	469.1	
606.8	466.2	
607.0	463.2	
607.2	460.0	
607.4	456.9	
607.6	453.9	
607.8	451.0	
608.0	448.0	
608.2	445.1	
608.4	442.0	
608.6	439.0	
608.8	436.2	
609.0	433.6	
609.2	431.2	
609.4	428.7	
609.6	426.1	
609.8	423.2	
610.0	420.3	
610.2	417.4	
610.4	414.6	
610.6	411.9	
610.8	409.3	
611.0	406.7	
611.2	404.1	
611.4	401.6	
611.6	399.0	
611.8	396.2	
612.0	393.5	
612.2	390.9	
612.4	388.2	
612.6	385.5	
612.8	382.8	
613.0	380.0	
613.2	377.3	
613.4	374.7	
613.6	372.2	
613.8	369.6	
614.0	366.9	
614.2	364.3	
614.4	361.6	
614.6	359.1	
614.8	356.8	
615.0	354.5	
615.2	352.1	
615.4	349.8	
615.6	347.3	
615.8	344.9	
616.0	342.5	
616.2	340.3	
616.4	338.0	
616.6	335.8	
616.8	333.4	
617.0	331.0	
617.2	328.7	
617.4	326.4	
617.6	324.1	
617.8	321.7	
618.0	319.2	
618.2	316.9	
618.4	314.8	
618.6	312.8	
618.8	310.8	
619.0	308.7	
619.2	306.6	
619.4	304.5	
619.6	302.4	
619.8	300.1	
620.0	297.7	
620.2	295.3	
620.4	292.9	
620.6	290.6	
620.8	288.3	
621.0	286.0	
621.2	283.9	
621.4	282.0	
621.6	280.0	
621.8	278.0	
622.0	275.9	
622.2	273.8	
622.4	271.7	
622.6	269.7	
622.8	267.8	
623.0	266.0	
623.2	264.3	
623.4	262.7	
623.6	260.9	
623.8	258.9	
624.0	256.8	
624.2	254.6	
624.4	252.6	
624.6	250.7	
624.8	248.9	
625.0	247.0	
625.2	245.0	
625.4	243.2	
625.6	241.4	
625.8	239.6	
626.0	238.0	
626.2	236.5	
626.4	234.9	
626.6	233.4	
626.8	231.9	
627.0	230.1	
627.2	228.2	
627.4	226.3	
627.6	224.3	
627.8	222.6	
628.0	220.9	
628.2	219.2	
628.4	217.5	
628.6	215.8	
628.8	214.1	
629.0	212.4	
629.2	210.7	
629.4	209.0	
629.6	207.4	
629.8	205.8	
630.0	204.3	
630.2	202.8	
630.4	201.4	
630.6	199.9	
630.8	198.4	
631.0	196.9	
631.2	195.4	
631.4	194.1	
631.6	192.7	
631.8	191.3	
632.0	189.8	
632.2	188.3	
632.4	186.9	
632.6	185.5	
632.8	184.0	
633.0	182.6	
633.2	181.3	
633.4	179.9	
633.6	178.5	
633.8	177.2	
634.0	175.9	
634.2	174.6	
634.4	173.3	
634.6	172.0	
634.8	170.8	
635.0	169.6	
635.2	168.4	
635.4	167.1	
635.6	165.7	
635.8	164.3	
636.0	163.1	
636.2	162.0	
636.4	160.9	
636.6	159.7	
636.8	158.6	
637.0	157.4	
637.2	156.4	
637.4	155.4	
637.6	154.5	
637.8	153.4	
638.0	152.3	
638.2	151.1	
638.4	149.9	
638.6	148.8	
638.8	147.8	
639.0	146.7	
639.2	145.7	
639.4	144.5	
639.6	143.3	
639.8	142.1	
640.0	140.8	
640.2	139.6	
640.4	138.4	
640.6	137.2	
640.8	136.1	
641.0	135.0	
641.2	134.0	
641.4	132.9	
641.6	131.9	
641.8	130.9	
642.0	129.9	
642.2	129.0	
642.4	128.0	
642.6	127.1	
642.8	126.0	
643.0	125.0	
643.2	123.9	
643.4	122.9	
643.6	121.9	
643.8	120.9	
644.0	119.8	
644.2	118.9	
644.4	117.9	
644.6	117.1	
644.8	116.3	
645.0	115.4	
645.2	114.4	
645.4	113.5	
645.6	112.6	
645.8	111.8	
646.0	110.9	
646.2	109.9	
646.4	108.9	
646.6	108.1	
646.8	107.3	
647.0	106.5	
647.2	105.5	
647.4	104.6	
647.6	103.6	
647.8	102.8	
648.0	102.0	
648.2	101.2	
648.4	100.4	
648.6	99.62	
648.8	98.70	
649.0	97.87	
649.2	97.14	
649.4	96.36	
649.6	95.53	
649.8	94.71	
650.0	93.85	
650.2	92.99	
650.4	92.17	
650.6	91.30	
650.8	90.46	
651.0	89.75	
651.2	89.07	
651.4	88.34	
651.6	87.68	
651.8	87.08	
652.0	86.52	
652.2	85.90	
652.4	85.24	
652.6	84.53	
652.8	83.82	
653.0	83.13	
653.2	82.46	
653.4	81.71	
653.6	80.95	
653.8	80.22	
654.0	79.49	
654.2	78.81	
654.4	78.19	
654.6	77.53	
654.8	76.85	
655.0	76.20	
655.2	75.59	
655.4	75.01	
655.6	74.48	
655.8	73.92	
656.0	73.39	
656.2	72.91	
656.4	72.41	
656.6	71.80	
656.8	71.11	
657.0	70.45	
657.2	69.87	
657.4	69.38	
657.6	68.93	
657.8	68.43	
658.0	67.81	
658.2	67.21	
658.4	66.63	
658.6	66.08	
658.8	65.58	
659.0	65.08	
659.2	64.49	
659.4	63.90	
659.6	63.34	
659.8	62.83	
660.0	62.32	
660.2	61.82	
660.4	61.31	
660.6	60.77	
660.8	60.24	
661.0	59.73	
661.2	59.19	
661.4	58.66	
661.6	58.11	
661.8	57.56	
662.0	57.04	
662.2	56.56	
662.4	56.10	
662.6	55.63	
662.8	55.18	
663.0	54.72	
663.2	54.26	
663.4	53.77	
663.6	53.27	
663.8	52.83	
664.0	52.38	
664.2	51.93	
664.4	51.49	
664.6	51.01	
664.8	50.55	
665.0	50.17	
665.2	49.74	
665.4	49.37	
665.6	49.02	
665.8	48.68	
666.0	48.31	
666.2	47.90	
666.4	47.42	
666.6	46.99	
666.8	46.54	
667.0	46.10	
667.2	45.68	
667.4	45.25	
667.6	44.87	
667.8	44.59	
668.0	44.32	
668.2	44.07	
668.4	43.80	
668.6	43.44	
668.8	43.02	
669.0	42.64	
669.2	42.25	
669.4	41.88	
669.6	41.53	
669.8	41.20	
670.0	40.93	
670.2	40.72	
670.4	40.45	
670.6	40.12	
670.8	39.71	
671.0	39.26	
671.2	38.86	
671.4	38.55	
671.6	38.25	
671.8	37.97	
672.0	37.68	
672.2	37.32	
672.4	37.01	
672.6	36.73	
672.8	36.41	
673.0	36.09	
673.2	35.78	
673.4	35.47	
673.6	35.17	
673.8	34.87	
674.0	34.56	
674.2	34.27	
674.4	33.99	
674.6	33.79	
674.8	33.58	
675.0	33.35	
675.2	33.12	
675.4	32.89	
675.6	32.61	
675.8	32.37	
676.0	32.08	
676.2	31.78	
676.4	31.52	
676.6	31.27	
676.8	31.02	
677.0	30.84	
677.2	30.64	
677.4	30.46	
677.6	30.23	
677.8	29.98	
678.0	29.69	
678.2	29.43	
678.4	29.21	
678.6	29.03	
678.8	28.84	
679.0	28.71	
679.2	28.56	
679.4	28.40	
679.6	28.15	
679.8	27.84	
680.0	27.50	
680.2	27.22	
680.4	26.96	
680.6	26.74	
680.8	26.50	
681.0	26.26	
681.2	26.04	
681.4	25.86	
681.6	25.70	
681.8	25.56	
682.0	25.43	
682.2	25.25	
682.4	25.04	
682.6	24.80	
682.8	24.55	
683.0	24.29	
683.2	24.05	
683.4	23.82	
683.6	23.63	
683.8	23.47	
684.0	23.33	
684.2	23.15	
684.4	22.95	
684.6	22.77	
684.8	22.62	
685.0	22.46	
685.2	22.29	
685.4	22.09	
685.6	21.88	
685.8	21.71	
686.0	21.60	
686.2	21.51	
686.4	21.38	
686.6	21.23	
686.8	21.03	
687.0	20.82	
687.2	20.64	
687.4	20.49	
687.6	20.35	
687.8	20.18	
688.0	19.98	
688.2	19.75	
688.4	19.58	
688.6	19.49	
688.8	19.43	
689.0	19.36	
689.2	19.22	
689.4	19.04	
689.6	18.89	
689.8	18.78	
690.0	18.70	
690.2	18.62	
690.4	18.49	
690.6	18.35	
690.8	18.21	
691.0	18.07	
691.2	17.94	
691.4	17.82	
691.6	17.68	
691.8	17.53	
692.0	17.39	
692.2	17.24	
692.4	17.08	
692.6	16.92	
692.8	16.80	
693.0	16.71	
693.2	16.60	
693.4	16.51	
693.6	16.37	
693.8	16.22	
694.0	16.11	
694.2	15.99	
694.4	15.90	
694.6	15.82	
694.8	15.70	
695.0	15.59	
695.2	15.52	
695.4	15.45	
695.6	15.42	
695.8	15.39	
696.0	15.32	
696.2	15.24	
696.4	15.16	
696.6	15.05	
696.8	14.92	
697.0	14.77	
697.2	14.64	
697.4	14.50	
697.6	14.40	
697.8	14.29	
698.0	14.22	
698.2	14.13	
698.4	14.06	
698.6	13.96	
698.8	13.87	
699.0	13.77	
699.2	13.68	
699.4	13.57	
699.6	13.48	
699.8	13.44	
700.0	13.47	
		
