
nm	Data	
440.0	9204	
440.2	9148	
440.4	9049	
440.6	8911	
440.8	8739	
441.0	8537	
441.2	8309	
441.4	8058	
441.6	7791	
441.8	7510	
442.0	7221	
442.2	6925	
442.4	6625	
442.6	6323	
442.8	6018	
443.0	5713	
443.2	5410	
443.4	5110	
443.6	4818	
443.8	4532	
444.0	4254	
444.2	3985	
444.4	3725	
444.6	3474	
444.8	3233	
445.0	3004	
445.2	2786	
445.4	2580	
445.6	2386	
445.8	2204	
446.0	2033	
446.2	1872	
446.4	1723	
446.6	1583	
446.8	1455	
447.0	1336	
447.2	1226	
447.4	1126	
447.6	1033	
447.8	948.4	
448.0	870.9	
448.2	800.4	
448.4	736.2	
448.6	677.8	
448.8	624.7	
449.0	576.5	
449.2	532.7	
449.4	492.8	
449.6	456.5	
449.8	423.6	
450.0	393.9	
450.2	366.9	
450.4	342.4	
450.6	320.2	
450.8	300.0	
451.0	281.7	
451.2	265.1	
451.4	250.0	
451.6	236.4	
451.8	224.1	
452.0	213.0	
452.2	202.8	
452.4	193.6	
452.6	185.3	
452.8	177.9	
453.0	171.2	
453.2	165.1	
453.4	159.7	
453.6	155.0	
453.8	150.8	
454.0	147.0	
454.2	143.6	
454.4	140.6	
454.6	137.9	
454.8	135.6	
455.0	133.6	
455.2	132.0	
455.4	130.5	
455.6	129.2	
455.8	128.2	
456.0	127.3	
456.2	126.6	
456.4	126.1	
456.6	125.6	
456.8	125.2	
457.0	124.9	
457.2	124.7	
457.4	124.7	
457.6	124.9	
457.8	125.2	
458.0	125.6	
458.2	126.2	
458.4	126.8	
458.6	127.4	
458.8	128.0	
459.0	128.6	
459.2	129.4	
459.4	130.3	
459.6	131.2	
459.8	132.2	
460.0	133.1	
460.2	134.1	
460.4	135.2	
460.6	136.3	
460.8	137.6	
461.0	138.8	
461.2	140.0	
461.4	141.1	
461.6	142.2	
461.8	143.5	
462.0	144.8	
462.2	146.1	
462.4	147.5	
462.6	148.8	
462.8	150.2	
463.0	151.7	
463.2	153.2	
463.4	154.8	
463.6	156.6	
463.8	158.3	
464.0	160.1	
464.2	161.8	
464.4	163.5	
464.6	165.3	
464.8	167.1	
465.0	168.9	
465.2	170.7	
465.4	172.5	
465.6	174.2	
465.8	175.9	
466.0	177.5	
466.2	179.2	
466.4	181.1	
466.6	182.9	
466.8	184.9	
467.0	186.9	
467.2	189.2	
467.4	191.5	
467.6	193.7	
467.8	195.8	
468.0	197.8	
468.2	199.8	
468.4	202.0	
468.6	204.3	
468.8	206.7	
469.0	209.1	
469.2	211.5	
469.4	213.9	
469.6	216.5	
469.8	219.2	
470.0	221.9	
470.2	224.4	
470.4	227.1	
470.6	229.6	
470.8	232.2	
471.0	234.8	
471.2	237.2	
471.4	239.6	
471.6	242.3	
471.8	244.8	
472.0	247.6	
472.2	250.2	
472.4	252.9	
472.6	255.8	
472.8	258.7	
473.0	261.5	
473.2	264.3	
473.4	267.2	
473.6	270.2	
473.8	273.3	
474.0	276.4	
474.2	279.6	
474.4	282.9	
474.6	286.1	
474.8	289.3	
475.0	292.5	
475.2	295.6	
475.4	298.8	
475.6	302.0	
475.8	305.3	
476.0	308.4	
476.2	311.7	
476.4	314.9	
476.6	318.2	
476.8	321.6	
477.0	325.1	
477.2	328.6	
477.4	332.0	
477.6	335.4	
477.8	338.9	
478.0	342.5	
478.2	346.3	
478.4	350.0	
478.6	353.7	
478.8	357.4	
479.0	361.2	
479.2	365.0	
479.4	369.1	
479.6	373.1	
479.8	377.1	
480.0	381.1	
480.2	385.2	
480.4	389.2	
480.6	393.3	
480.8	397.5	
481.0	401.7	
481.2	406.1	
481.4	410.4	
481.6	414.5	
481.8	418.7	
482.0	422.9	
482.2	427.2	
482.4	431.6	
482.6	436.0	
482.8	440.6	
483.0	445.3	
483.2	450.3	
483.4	455.5	
483.6	460.7	
483.8	465.9	
484.0	471.2	
484.2	476.5	
484.4	481.8	
484.6	487.1	
484.8	492.3	
485.0	497.5	
485.2	502.7	
485.4	507.8	
485.6	513.0	
485.8	518.4	
486.0	524.0	
486.2	529.7	
486.4	535.4	
486.6	541.0	
486.8	546.7	
487.0	552.3	
487.2	557.9	
487.4	563.6	
487.6	569.4	
487.8	575.2	
488.0	580.9	
488.2	586.6	
488.4	592.2	
488.6	598.3	
488.8	604.4	
489.0	610.7	
489.2	617.2	
489.4	623.7	
489.6	630.3	
489.8	637.0	
490.0	643.7	
490.2	650.3	
490.4	656.7	
490.6	663.1	
490.8	669.6	
491.0	676.2	
491.2	682.9	
491.4	689.6	
491.6	696.2	
491.8	703.1	
492.0	709.8	
492.2	716.6	
492.4	723.3	
492.6	730.1	
492.8	736.9	
493.0	743.9	
493.2	750.9	
493.4	758.0	
493.6	765.3	
493.8	772.9	
494.0	780.2	
494.2	787.5	
494.4	794.7	
494.6	802.1	
494.8	809.6	
495.0	817.3	
495.2	824.9	
495.4	832.6	
495.6	840.5	
495.8	848.6	
496.0	856.6	
496.2	864.3	
496.4	871.9	
496.6	879.7	
496.8	887.6	
497.0	895.7	
497.2	903.6	
497.4	911.1	
497.6	918.7	
497.8	926.5	
498.0	934.3	
498.2	942.1	
498.4	949.9	
498.6	957.6	
498.8	965.1	
499.0	973.0	
499.2	981.1	
499.4	989.6	
499.6	998.2	
499.8	1007	
500.0	1015	
500.2	1023	
500.4	1031	
500.6	1039	
500.8	1047	
501.0	1055	
501.2	1064	
501.4	1072	
501.6	1081	
501.8	1089	
502.0	1097	
502.2	1106	
502.4	1114	
502.6	1122	
502.8	1130	
503.0	1138	
503.2	1146	
503.4	1155	
503.6	1164	
503.8	1173	
504.0	1182	
504.2	1190	
504.4	1198	
504.6	1207	
504.8	1215	
505.0	1224	
505.2	1233	
505.4	1241	
505.6	1250	
505.8	1258	
506.0	1267	
506.2	1275	
506.4	1284	
506.6	1292	
506.8	1301	
507.0	1310	
507.2	1318	
507.4	1326	
507.6	1334	
507.8	1342	
508.0	1351	
508.2	1359	
508.4	1368	
508.6	1377	
508.8	1385	
509.0	1393	
509.2	1401	
509.4	1410	
509.6	1418	
509.8	1427	
510.0	1435	
510.2	1444	
510.4	1453	
510.6	1462	
510.8	1470	
511.0	1478	
511.2	1486	
511.4	1494	
511.6	1503	
511.8	1511	
512.0	1520	
512.2	1529	
512.4	1537	
512.6	1545	
512.8	1554	
513.0	1562	
513.2	1571	
513.4	1579	
513.6	1588	
513.8	1596	
514.0	1605	
514.2	1613	
514.4	1621	
514.6	1630	
514.8	1638	
515.0	1646	
515.2	1654	
515.4	1662	
515.6	1671	
515.8	1679	
516.0	1687	
516.2	1695	
516.4	1703	
516.6	1711	
516.8	1720	
517.0	1729	
517.2	1737	
517.4	1745	
517.6	1752	
517.8	1760	
518.0	1767	
518.2	1774	
518.4	1781	
518.6	1788	
518.8	1795	
519.0	1802	
519.2	1809	
519.4	1816	
519.6	1824	
519.8	1831	
520.0	1839	
520.2	1846	
520.4	1853	
520.6	1860	
520.8	1866	
521.0	1873	
521.2	1880	
521.4	1886	
521.6	1893	
521.8	1900	
522.0	1907	
522.2	1912	
522.4	1919	
522.6	1924	
522.8	1931	
523.0	1937	
523.2	1944	
523.4	1950	
523.6	1956	
523.8	1962	
524.0	1967	
524.2	1973	
524.4	1978	
524.6	1984	
524.8	1989	
525.0	1995	
525.2	2000	
525.4	2006	
525.6	2010	
525.8	2015	
526.0	2019	
526.2	2023	
526.4	2028	
526.6	2032	
526.8	2036	
527.0	2040	
527.2	2045	
527.4	2049	
527.6	2054	
527.8	2058	
528.0	2062	
528.2	2065	
528.4	2069	
528.6	2073	
528.8	2076	
529.0	2080	
529.2	2083	
529.4	2086	
529.6	2088	
529.8	2091	
530.0	2093	
530.2	2094	
530.4	2096	
530.6	2098	
530.8	2101	
531.0	2103	
531.2	2106	
531.4	2107	
531.6	2108	
531.8	2110	
532.0	2111	
532.2	2113	
532.4	2115	
532.6	2117	
532.8	2117	
533.0	2119	
533.2	2119	
533.4	2119	
533.6	2119	
533.8	2119	
534.0	2119	
534.2	2120	
534.4	2120	
534.6	2120	
534.8	2120	
535.0	2120	
535.2	2120	
535.4	2121	
535.6	2121	
535.8	2121	
536.0	2120	
536.2	2119	
536.4	2118	
536.6	2117	
536.8	2116	
537.0	2115	
537.2	2113	
537.4	2112	
537.6	2110	
537.8	2109	
538.0	2107	
538.2	2105	
538.4	2103	
538.6	2102	
538.8	2101	
539.0	2099	
539.2	2098	
539.4	2096	
539.6	2094	
539.8	2091	
540.0	2088	
540.2	2085	
540.4	2083	
540.6	2080	
540.8	2078	
541.0	2074	
541.2	2071	
541.4	2068	
541.6	2065	
541.8	2062	
542.0	2058	
542.2	2054	
542.4	2050	
542.6	2047	
542.8	2044	
543.0	2041	
543.2	2038	
543.4	2035	
543.6	2032	
543.8	2029	
544.0	2026	
544.2	2022	
544.4	2019	
544.6	2015	
544.8	2011	
545.0	2007	
545.2	2003	
545.4	1999	
545.6	1994	
545.8	1989	
546.0	1984	
546.2	1979	
546.4	1975	
546.6	1971	
546.8	1967	
547.0	1964	
547.2	1960	
547.4	1956	
547.6	1951	
547.8	1945	
548.0	1940	
548.2	1936	
548.4	1932	
548.6	1928	
548.8	1924	
549.0	1920	
549.2	1916	
549.4	1912	
549.6	1907	
549.8	1902	
550.0	1897	
550.2	1891	
550.4	1885	
550.6	1880	
550.8	1874	
551.0	1869	
551.2	1865	
551.4	1860	
551.6	1856	
551.8	1851	
552.0	1846	
552.2	1841	
552.4	1836	
552.6	1831	
552.8	1825	
553.0	1820	
553.2	1815	
553.4	1810	
553.6	1806	
553.8	1801	
554.0	1796	
554.2	1791	
554.4	1786	
554.6	1780	
554.8	1775	
555.0	1769	
555.2	1764	
555.4	1758	
555.6	1752	
555.8	1746	
556.0	1741	
556.2	1736	
556.4	1731	
556.6	1726	
556.8	1722	
557.0	1717	
557.2	1712	
557.4	1707	
557.6	1702	
557.8	1696	
558.0	1691	
558.2	1686	
558.4	1681	
558.6	1675	
558.8	1670	
559.0	1664	
559.2	1659	
559.4	1653	
559.6	1647	
559.8	1642	
560.0	1636	
560.2	1631	
560.4	1626	
560.6	1619	
560.8	1613	
561.0	1607	
561.2	1602	
561.4	1597	
561.6	1592	
561.8	1587	
562.0	1582	
562.2	1577	
562.4	1571	
562.6	1565	
562.8	1560	
563.0	1554	
563.2	1548	
563.4	1542	
563.6	1536	
563.8	1530	
564.0	1525	
564.2	1519	
564.4	1513	
564.6	1507	
564.8	1502	
565.0	1497	
565.2	1491	
565.4	1486	
565.6	1481	
565.8	1475	
566.0	1469	
566.2	1464	
566.4	1458	
566.6	1453	
566.8	1448	
567.0	1443	
567.2	1438	
567.4	1432	
567.6	1426	
567.8	1420	
568.0	1415	
568.2	1409	
568.4	1404	
568.6	1398	
568.8	1392	
569.0	1387	
569.2	1381	
569.4	1376	
569.6	1371	
569.8	1366	
570.0	1361	
570.2	1356	
570.4	1350	
570.6	1344	
570.8	1338	
571.0	1332	
571.2	1326	
571.4	1321	
571.6	1316	
571.8	1310	
572.0	1304	
572.2	1298	
572.4	1293	
572.6	1288	
572.8	1282	
573.0	1277	
573.2	1272	
573.4	1266	
573.6	1261	
573.8	1256	
574.0	1251	
574.2	1245	
574.4	1240	
574.6	1235	
574.8	1229	
575.0	1224	
575.2	1218	
575.4	1213	
575.6	1207	
575.8	1201	
576.0	1195	
576.2	1189	
576.4	1184	
576.6	1178	
576.8	1174	
577.0	1169	
577.2	1163	
577.4	1158	
577.6	1153	
577.8	1148	
578.0	1143	
578.2	1137	
578.4	1132	
578.6	1126	
578.8	1120	
579.0	1115	
579.2	1109	
579.4	1103	
579.6	1098	
579.8	1093	
580.0	1087	
580.2	1082	
580.4	1077	
580.6	1072	
580.8	1066	
581.0	1061	
581.2	1055	
581.4	1050	
581.6	1045	
581.8	1040	
582.0	1035	
582.2	1031	
582.4	1026	
582.6	1021	
582.8	1016	
583.0	1011	
583.2	1005	
583.4	1000	
583.6	994.9	
583.8	989.9	
584.0	984.7	
584.2	979.3	
584.4	974.1	
584.6	968.8	
584.8	963.6	
585.0	958.7	
585.2	954.0	
585.4	949.1	
585.6	944.3	
585.8	939.3	
586.0	934.3	
586.2	929.4	
586.4	924.4	
586.6	919.0	
586.8	913.5	
587.0	908.1	
587.2	902.6	
587.4	897.5	
587.6	892.6	
587.8	887.7	
588.0	883.1	
588.2	878.4	
588.4	873.7	
588.6	869.2	
588.8	864.6	
589.0	859.9	
589.2	855.4	
589.4	850.9	
589.6	846.3	
589.8	841.6	
590.0	836.5	
590.2	831.5	
590.4	826.5	
590.6	821.6	
590.8	816.9	
591.0	812.5	
591.2	808.0	
591.4	803.5	
591.6	798.9	
591.8	794.2	
592.0	790.0	
592.2	786.0	
592.4	781.9	
592.6	777.8	
592.8	773.5	
593.0	769.4	
593.2	765.3	
593.4	761.2	
593.6	756.9	
593.8	752.4	
594.0	748.0	
594.2	743.7	
594.4	739.4	
594.6	735.2	
594.8	731.1	
595.0	726.7	
595.2	722.3	
595.4	718.0	
595.6	713.4	
595.8	709.0	
596.0	704.8	
596.2	700.5	
596.4	696.2	
596.6	691.9	
596.8	687.6	
597.0	683.3	
597.2	679.2	
597.4	675.0	
597.6	671.0	
597.8	667.2	
598.0	663.5	
598.2	659.9	
598.4	656.4	
598.6	652.8	
598.8	649.0	
599.0	645.0	
599.2	641.0	
599.4	637.4	
599.6	633.6	
599.8	629.9	
600.0	625.7	
600.2	621.5	
600.4	617.4	
600.6	613.7	
600.8	610.2	
601.0	606.7	
601.2	602.8	
601.4	598.9	
601.6	595.0	
601.8	590.9	
602.0	587.2	
602.2	583.6	
602.4	580.0	
602.6	576.5	
602.8	572.9	
603.0	569.1	
603.2	565.8	
603.4	562.6	
603.6	559.4	
603.8	556.2	
604.0	552.9	
604.2	549.5	
604.4	546.2	
604.6	543.1	
604.8	539.8	
605.0	536.5	
605.2	533.0	
605.4	529.3	
605.6	525.6	
605.8	522.0	
606.0	518.4	
606.2	515.0	
606.4	511.6	
606.6	508.4	
606.8	505.2	
607.0	501.9	
607.2	498.4	
607.4	495.1	
607.6	491.9	
607.8	488.9	
608.0	485.9	
608.2	483.0	
608.4	480.1	
608.6	476.9	
608.8	473.8	
609.0	470.7	
609.2	467.7	
609.4	464.7	
609.6	461.7	
609.8	458.8	
610.0	456.1	
610.2	453.2	
610.4	450.3	
610.6	447.2	
610.8	444.1	
611.0	440.9	
611.2	437.7	
611.4	434.5	
611.6	431.6	
611.8	428.9	
612.0	426.1	
612.2	423.3	
612.4	420.2	
612.6	417.2	
612.8	414.3	
613.0	411.5	
613.2	408.6	
613.4	405.6	
613.6	402.7	
613.8	399.7	
614.0	396.9	
614.2	394.1	
614.4	391.2	
614.6	388.3	
614.8	385.7	
615.0	383.1	
615.2	380.5	
615.4	378.1	
615.6	375.6	
615.8	372.8	
616.0	370.1	
616.2	367.2	
616.4	364.4	
616.6	361.8	
616.8	359.4	
617.0	357.0	
617.2	354.6	
617.4	352.1	
617.6	349.7	
617.8	347.3	
618.0	345.0	
618.2	342.8	
618.4	340.5	
618.6	338.2	
618.8	336.1	
619.0	333.9	
619.2	331.6	
619.4	329.3	
619.6	327.0	
619.8	324.6	
620.0	322.3	
620.2	320.0	
620.4	317.7	
620.6	315.4	
620.8	313.1	
621.0	310.9	
621.2	308.7	
621.4	306.6	
621.6	304.6	
621.8	302.6	
622.0	300.6	
622.2	298.5	
622.4	296.3	
622.6	294.1	
622.8	291.7	
623.0	289.4	
623.2	287.1	
623.4	284.8	
623.6	282.6	
623.8	280.3	
624.0	278.2	
624.2	276.2	
624.4	274.2	
624.6	272.3	
624.8	270.4	
625.0	268.4	
625.2	266.4	
625.4	264.6	
625.6	262.8	
625.8	261.0	
626.0	259.1	
626.2	257.1	
626.4	255.0	
626.6	253.0	
626.8	251.1	
627.0	249.5	
627.2	247.8	
627.4	246.0	
627.6	244.1	
627.8	242.0	
628.0	239.9	
628.2	238.0	
628.4	236.2	
628.6	234.3	
628.8	232.6	
629.0	230.7	
629.2	228.9	
629.4	227.2	
629.6	225.5	
629.8	223.7	
630.0	221.9	
630.2	220.0	
630.4	218.2	
630.6	216.5	
630.8	214.9	
631.0	213.3	
631.2	211.8	
631.4	210.2	
631.6	208.6	
631.8	207.1	
632.0	205.5	
632.2	204.0	
632.4	202.3	
632.6	200.7	
632.8	199.0	
633.0	197.5	
633.2	195.8	
633.4	194.1	
633.6	192.4	
633.8	190.8	
634.0	189.4	
634.2	188.1	
634.4	186.8	
634.6	185.6	
634.8	184.3	
635.0	183.0	
635.2	181.6	
635.4	180.1	
635.6	178.6	
635.8	177.3	
636.0	176.1	
636.2	174.9	
636.4	173.7	
636.6	172.4	
636.8	171.1	
637.0	169.8	
637.2	168.6	
637.4	167.4	
637.6	166.1	
637.8	164.9	
638.0	163.7	
638.2	162.4	
638.4	161.1	
638.6	159.8	
638.8	158.5	
639.0	157.3	
639.2	156.1	
639.4	155.0	
639.6	153.8	
639.8	152.6	
640.0	151.3	
640.2	150.2	
640.4	149.2	
640.6	148.3	
640.8	147.4	
641.0	146.4	
641.2	145.3	
641.4	144.1	
641.6	143.0	
641.8	141.8	
642.0	140.8	
642.2	139.7	
642.4	138.5	
642.6	137.3	
642.8	136.1	
643.0	135.0	
643.2	133.9	
643.4	132.6	
643.6	131.3	
643.8	130.1	
644.0	129.0	
644.2	128.1	
644.4	127.3	
644.6	126.4	
644.8	125.3	
645.0	124.3	
645.2	123.2	
645.4	122.2	
645.6	121.2	
645.8	120.3	
646.0	119.4	
646.2	118.6	
646.4	117.6	
646.6	116.6	
646.8	115.6	
647.0	114.7	
647.2	113.8	
647.4	113.0	
647.6	112.1	
647.8	111.2	
648.0	110.3	
648.2	109.3	
648.4	108.2	
648.6	107.2	
648.8	106.2	
649.0	105.3	
649.2	104.5	
649.4	103.7	
649.6	103.0	
649.8	102.2	
650.0	101.2	
650.2	100.3	
650.4	99.43	
650.6	98.67	
650.8	97.97	
651.0	97.24	
651.2	96.47	
651.4	95.70	
651.6	94.92	
651.8	94.23	
652.0	93.59	
652.2	92.96	
652.4	92.23	
652.6	91.43	
652.8	90.56	
653.0	89.75	
653.2	89.05	
653.4	88.43	
653.6	87.79	
653.8	87.15	
654.0	86.50	
654.2	85.80	
654.4	85.05	
654.6	84.25	
654.8	83.47	
655.0	82.66	
655.2	81.92	
655.4	81.18	
655.6	80.46	
655.8	79.81	
656.0	79.13	
656.2	78.39	
656.4	77.68	
656.6	77.03	
656.8	76.45	
657.0	75.93	
657.2	75.28	
657.4	74.55	
657.6	73.78	
657.8	73.02	
658.0	72.31	
658.2	71.66	
658.4	71.08	
658.6	70.55	
658.8	70.05	
659.0	69.58	
659.2	69.07	
659.4	68.46	
659.6	67.79	
659.8	67.08	
660.0	66.39	
660.2	65.80	
660.4	65.27	
660.6	64.72	
660.8	64.15	
661.0	63.58	
661.2	63.05	
661.4	62.54	
661.6	62.07	
661.8	61.61	
662.0	61.10	
662.2	60.58	
662.4	60.07	
662.6	59.56	
662.8	59.06	
663.0	58.59	
663.2	58.17	
663.4	57.73	
663.6	57.24	
663.8	56.73	
664.0	56.22	
664.2	55.75	
664.4	55.38	
664.6	55.04	
664.8	54.66	
665.0	54.24	
665.2	53.84	
665.4	53.38	
665.6	52.89	
665.8	52.45	
666.0	52.01	
666.2	51.58	
666.4	51.19	
666.6	50.77	
666.8	50.30	
667.0	49.85	
667.2	49.43	
667.4	48.95	
667.6	48.50	
667.8	48.04	
668.0	47.59	
668.2	47.13	
668.4	46.74	
668.6	46.32	
668.8	45.97	
669.0	45.65	
669.2	45.28	
669.4	44.87	
669.6	44.49	
669.8	44.13	
670.0	43.82	
670.2	43.56	
670.4	43.28	
670.6	42.98	
670.8	42.68	
671.0	42.32	
671.2	41.91	
671.4	41.52	
671.6	41.14	
671.8	40.80	
672.0	40.44	
672.2	40.05	
672.4	39.69	
672.6	39.32	
672.8	38.98	
673.0	38.64	
673.2	38.33	
673.4	38.02	
673.6	37.74	
673.8	37.42	
674.0	37.13	
674.2	36.86	
674.4	36.63	
674.6	36.35	
674.8	36.06	
675.0	35.74	
675.2	35.42	
675.4	35.13	
675.6	34.84	
675.8	34.53	
676.0	34.24	
676.2	33.98	
676.4	33.71	
676.6	33.47	
676.8	33.21	
677.0	32.92	
677.2	32.64	
677.4	32.32	
677.6	32.00	
677.8	31.73	
678.0	31.45	
678.2	31.22	
678.4	31.02	
678.6	30.81	
678.8	30.59	
679.0	30.36	
679.2	30.08	
679.4	29.83	
679.6	29.59	
679.8	29.34	
680.0	29.11	
680.2	28.88	
680.4	28.61	
680.6	28.34	
680.8	28.09	
681.0	27.85	
681.2	27.63	
681.4	27.36	
681.6	27.08	
681.8	26.80	
682.0	26.54	
682.2	26.34	
682.4	26.16	
682.6	25.98	
682.8	25.82	
683.0	25.65	
683.2	25.47	
683.4	25.30	
683.6	25.13	
683.8	24.95	
684.0	24.78	
684.2	24.59	
684.4	24.40	
684.6	24.21	
684.8	24.02	
685.0	23.81	
685.2	23.63	
685.4	23.43	
685.6	23.24	
685.8	23.08	
686.0	22.92	
686.2	22.75	
686.4	22.60	
686.6	22.43	
686.8	22.27	
687.0	22.12	
687.2	21.95	
687.4	21.78	
687.6	21.64	
687.8	21.47	
688.0	21.31	
688.2	21.12	
688.4	20.92	
688.6	20.72	
688.8	20.54	
689.0	20.40	
689.2	20.28	
689.4	20.16	
689.6	20.04	
689.8	19.90	
690.0	19.74	
690.2	19.62	
690.4	19.49	
690.6	19.35	
690.8	19.20	
691.0	19.06	
691.2	18.88	
691.4	18.70	
691.6	18.52	
691.8	18.34	
692.0	18.22	
692.2	18.09	
692.4	17.95	
692.6	17.83	
692.8	17.70	
693.0	17.55	
693.2	17.41	
693.4	17.26	
693.6	17.11	
693.8	16.98	
694.0	16.83	
694.2	16.68	
694.4	16.56	
694.6	16.43	
694.8	16.31	
695.0	16.23	
695.2	16.14	
695.4	16.08	
695.6	16.05	
695.8	15.98	
696.0	15.87	
696.2	15.80	
696.4	15.68	
696.6	15.58	
696.8	15.49	
697.0	15.40	
697.2	15.35	
697.4	15.27	
697.6	15.14	
697.8	15.01	
698.0	14.86	
698.2	14.73	
698.4	14.62	
698.6	14.54	
698.8	14.48	
699.0	14.46	
699.2	14.40	
699.4	14.33	
699.6	14.23	
699.8	14.17	
700.0	14.19	
		
