	
nm	Data	
440.0	9996	
440.2	9938	
440.4	9832	
440.6	9682	
440.8	9495	
441.0	9273	
441.2	9024	
441.4	8752	
441.6	8461	
441.8	8156	
442.0	7841	
442.2	7520	
442.4	7194	
442.6	6865	
442.8	6534	
443.0	6202	
443.2	5873	
443.4	5547	
443.6	5229	
443.8	4918	
444.0	4617	
444.2	4324	
444.4	4041	
444.6	3768	
444.8	3507	
445.0	3257	
445.2	3021	
445.4	2798	
445.6	2588	
445.8	2390	
446.0	2204	
446.2	2030	
446.4	1868	
446.6	1717	
446.8	1577	
447.0	1448	
447.2	1329	
447.4	1220	
447.6	1119	
447.8	1027	
448.0	943.0	
448.2	866.3	
448.4	796.4	
448.6	733.0	
448.8	675.5	
449.0	623.1	
449.2	575.6	
449.4	532.3	
449.6	493.1	
449.8	457.4	
450.0	425.1	
450.2	395.7	
450.4	369.0	
450.6	344.8	
450.8	322.8	
451.0	302.9	
451.2	284.8	
451.4	268.5	
451.6	253.7	
451.8	240.3	
452.0	228.2	
452.2	217.3	
452.4	207.4	
452.6	198.4	
452.8	190.3	
453.0	183.0	
453.2	176.5	
453.4	170.7	
453.6	165.5	
453.8	160.9	
454.0	156.7	
454.2	152.8	
454.4	149.5	
454.6	146.4	
454.8	143.9	
455.0	141.6	
455.2	139.5	
455.4	137.7	
455.6	136.2	
455.8	134.9	
456.0	133.9	
456.2	133.2	
456.4	132.5	
456.6	132.0	
456.8	131.5	
457.0	131.2	
457.2	131.2	
457.4	131.4	
457.6	131.6	
457.8	131.8	
458.0	132.0	
458.2	132.4	
458.4	132.9	
458.6	133.5	
458.8	134.1	
459.0	134.7	
459.2	135.4	
459.4	136.1	
459.6	136.8	
459.8	137.6	
460.0	138.4	
460.2	139.3	
460.4	140.3	
460.6	141.4	
460.8	142.6	
461.0	143.7	
461.2	144.9	
461.4	146.1	
461.6	147.5	
461.8	148.8	
462.0	150.1	
462.2	151.4	
462.4	152.8	
462.6	154.2	
462.8	155.8	
463.0	157.4	
463.2	158.9	
463.4	160.5	
463.6	162.0	
463.8	163.5	
464.0	165.0	
464.2	166.6	
464.4	168.2	
464.6	170.0	
464.8	171.6	
465.0	173.2	
465.2	174.8	
465.4	176.5	
465.6	178.2	
465.8	180.1	
466.0	181.8	
466.2	183.5	
466.4	185.2	
466.6	187.0	
466.8	188.7	
467.0	190.6	
467.2	192.6	
467.4	194.6	
467.6	196.6	
467.8	198.5	
468.0	200.5	
468.2	202.7	
468.4	205.0	
468.6	207.2	
468.8	209.3	
469.0	211.6	
469.2	213.9	
469.4	216.4	
469.6	218.7	
469.8	221.0	
470.0	223.3	
470.2	225.8	
470.4	228.2	
470.6	230.7	
470.8	233.1	
471.0	235.7	
471.2	238.3	
471.4	240.8	
471.6	243.4	
471.8	245.9	
472.0	248.5	
472.2	251.1	
472.4	253.7	
472.6	256.1	
472.8	258.5	
473.0	261.2	
473.2	264.0	
473.4	266.7	
473.6	269.4	
473.8	272.4	
474.0	275.2	
474.2	278.1	
474.4	281.0	
474.6	283.8	
474.8	286.7	
475.0	289.7	
475.2	292.5	
475.4	295.4	
475.6	298.5	
475.8	301.7	
476.0	305.0	
476.2	308.4	
476.4	311.6	
476.6	314.7	
476.8	317.7	
477.0	320.9	
477.2	324.0	
477.4	327.2	
477.6	330.5	
477.8	333.6	
478.0	336.6	
478.2	339.7	
478.4	342.8	
478.6	346.1	
478.8	349.4	
479.0	352.8	
479.2	356.2	
479.4	359.8	
479.6	363.6	
479.8	367.5	
480.0	371.5	
480.2	375.4	
480.4	379.2	
480.6	383.0	
480.8	386.8	
481.0	390.7	
481.2	394.7	
481.4	398.7	
481.6	402.6	
481.8	406.4	
482.0	410.3	
482.2	414.2	
482.4	418.3	
482.6	422.6	
482.8	426.6	
483.0	430.8	
483.2	434.9	
483.4	439.1	
483.6	443.5	
483.8	448.1	
484.0	452.6	
484.2	457.2	
484.4	461.6	
484.6	466.3	
484.8	471.2	
485.0	476.1	
485.2	481.0	
485.4	485.7	
485.6	490.3	
485.8	495.1	
486.0	500.2	
486.2	505.2	
486.4	510.2	
486.6	515.1	
486.8	520.1	
487.0	525.3	
487.2	530.5	
487.4	535.8	
487.6	540.7	
487.8	545.8	
488.0	551.1	
488.2	556.5	
488.4	562.1	
488.6	567.8	
488.8	573.4	
489.0	579.0	
489.2	584.7	
489.4	590.5	
489.6	596.5	
489.8	602.5	
490.0	608.6	
490.2	614.4	
490.4	620.2	
490.6	626.0	
490.8	632.2	
491.0	638.5	
491.2	644.9	
491.4	651.1	
491.6	657.1	
491.8	663.0	
492.0	669.0	
492.2	674.8	
492.4	680.8	
492.6	686.8	
492.8	693.1	
493.0	699.3	
493.2	705.6	
493.4	711.7	
493.6	717.8	
493.8	724.0	
494.0	730.6	
494.2	737.4	
494.4	744.5	
494.6	751.5	
494.8	758.3	
495.0	764.7	
495.2	771.5	
495.4	778.1	
495.6	784.8	
495.8	791.7	
496.0	798.4	
496.2	805.3	
496.4	812.4	
496.6	819.3	
496.8	826.0	
497.0	832.8	
497.2	839.6	
497.4	846.7	
497.6	853.8	
497.8	861.0	
498.0	868.5	
498.2	875.9	
498.4	883.0	
498.6	890.0	
498.8	896.6	
499.0	903.5	
499.2	910.8	
499.4	918.4	
499.6	925.7	
499.8	933.1	
500.0	940.5	
500.2	947.9	
500.4	955.1	
500.6	962.4	
500.8	969.4	
501.0	976.7	
501.2	984.2	
501.4	991.6	
501.6	998.8	
501.8	1006	
502.0	1013	
502.2	1020	
502.4	1027	
502.6	1035	
502.8	1042	
503.0	1050	
503.2	1057	
503.4	1065	
503.6	1073	
503.8	1080	
504.0	1088	
504.2	1096	
504.4	1104	
504.6	1111	
504.8	1119	
505.0	1127	
505.2	1134	
505.4	1142	
505.6	1150	
505.8	1158	
506.0	1165	
506.2	1173	
506.4	1180	
506.6	1187	
506.8	1194	
507.0	1201	
507.2	1209	
507.4	1216	
507.6	1224	
507.8	1231	
508.0	1239	
508.2	1246	
508.4	1254	
508.6	1261	
508.8	1269	
509.0	1277	
509.2	1285	
509.4	1292	
509.6	1300	
509.8	1308	
510.0	1316	
510.2	1323	
510.4	1331	
510.6	1338	
510.8	1346	
511.0	1353	
511.2	1361	
511.4	1369	
511.6	1376	
511.8	1383	
512.0	1390	
512.2	1398	
512.4	1406	
512.6	1413	
512.8	1421	
513.0	1428	
513.2	1436	
513.4	1443	
513.6	1450	
513.8	1457	
514.0	1464	
514.2	1471	
514.4	1478	
514.6	1486	
514.8	1493	
515.0	1501	
515.2	1508	
515.4	1515	
515.6	1522	
515.8	1530	
516.0	1537	
516.2	1544	
516.4	1552	
516.6	1559	
516.8	1566	
517.0	1572	
517.2	1579	
517.4	1585	
517.6	1592	
517.8	1598	
518.0	1605	
518.2	1611	
518.4	1618	
518.6	1625	
518.8	1631	
519.0	1637	
519.2	1644	
519.4	1650	
519.6	1658	
519.8	1664	
520.0	1671	
520.2	1677	
520.4	1683	
520.6	1689	
520.8	1696	
521.0	1702	
521.2	1708	
521.4	1714	
521.6	1720	
521.8	1726	
522.0	1732	
522.2	1737	
522.4	1743	
522.6	1749	
522.8	1754	
523.0	1759	
523.2	1764	
523.4	1768	
523.6	1773	
523.8	1778	
524.0	1784	
524.2	1789	
524.4	1794	
524.6	1799	
524.8	1803	
525.0	1808	
525.2	1813	
525.4	1817	
525.6	1823	
525.8	1827	
526.0	1832	
526.2	1836	
526.4	1839	
526.6	1843	
526.8	1846	
527.0	1850	
527.2	1853	
527.4	1856	
527.6	1860	
527.8	1863	
528.0	1867	
528.2	1870	
528.4	1873	
528.6	1876	
528.8	1878	
529.0	1881	
529.2	1884	
529.4	1887	
529.6	1890	
529.8	1892	
530.0	1894	
530.2	1896	
530.4	1898	
530.6	1900	
530.8	1902	
531.0	1904	
531.2	1906	
531.4	1907	
531.6	1909	
531.8	1911	
532.0	1912	
532.2	1914	
532.4	1915	
532.6	1915	
532.8	1916	
533.0	1916	
533.2	1916	
533.4	1916	
533.6	1916	
533.8	1916	
534.0	1918	
534.2	1919	
534.4	1919	
534.6	1919	
534.8	1918	
535.0	1918	
535.2	1918	
535.4	1918	
535.6	1917	
535.8	1916	
536.0	1915	
536.2	1913	
536.4	1912	
536.6	1910	
536.8	1910	
537.0	1909	
537.2	1908	
537.4	1907	
537.6	1906	
537.8	1904	
538.0	1903	
538.2	1902	
538.4	1899	
538.6	1897	
538.8	1895	
539.0	1892	
539.2	1891	
539.4	1889	
539.6	1887	
539.8	1885	
540.0	1883	
540.2	1881	
540.4	1879	
540.6	1876	
540.8	1874	
541.0	1871	
541.2	1869	
541.4	1866	
541.6	1863	
541.8	1860	
542.0	1857	
542.2	1854	
542.4	1851	
542.6	1848	
542.8	1845	
543.0	1843	
543.2	1840	
543.4	1837	
543.6	1834	
543.8	1831	
544.0	1828	
544.2	1824	
544.4	1820	
544.6	1817	
544.8	1813	
545.0	1810	
545.2	1807	
545.4	1804	
545.6	1801	
545.8	1797	
546.0	1793	
546.2	1788	
546.4	1784	
546.6	1781	
546.8	1777	
547.0	1774	
547.2	1770	
547.4	1766	
547.6	1762	
547.8	1757	
548.0	1754	
548.2	1750	
548.4	1746	
548.6	1742	
548.8	1737	
549.0	1733	
549.2	1728	
549.4	1724	
549.6	1719	
549.8	1715	
550.0	1711	
550.2	1707	
550.4	1703	
550.6	1698	
550.8	1693	
551.0	1688	
551.2	1683	
551.4	1678	
551.6	1673	
551.8	1668	
552.0	1664	
552.2	1660	
552.4	1656	
552.6	1651	
552.8	1647	
553.0	1642	
553.2	1638	
553.4	1633	
553.6	1628	
553.8	1623	
554.0	1618	
554.2	1613	
554.4	1609	
554.6	1604	
554.8	1600	
555.0	1595	
555.2	1590	
555.4	1585	
555.6	1580	
555.8	1575	
556.0	1570	
556.2	1565	
556.4	1561	
556.6	1556	
556.8	1551	
557.0	1546	
557.2	1541	
557.4	1537	
557.6	1532	
557.8	1527	
558.0	1521	
558.2	1516	
558.4	1511	
558.6	1505	
558.8	1500	
559.0	1495	
559.2	1491	
559.4	1486	
559.6	1481	
559.8	1477	
560.0	1472	
560.2	1467	
560.4	1463	
560.6	1458	
560.8	1454	
561.0	1449	
561.2	1445	
561.4	1440	
561.6	1435	
561.8	1430	
562.0	1426	
562.2	1421	
562.4	1416	
562.6	1411	
562.8	1406	
563.0	1401	
563.2	1396	
563.4	1391	
563.6	1386	
563.8	1381	
564.0	1376	
564.2	1371	
564.4	1366	
564.6	1361	
564.8	1357	
565.0	1352	
565.2	1347	
565.4	1342	
565.6	1337	
565.8	1332	
566.0	1327	
566.2	1322	
566.4	1317	
566.6	1313	
566.8	1308	
567.0	1303	
567.2	1298	
567.4	1294	
567.6	1289	
567.8	1284	
568.0	1280	
568.2	1275	
568.4	1271	
568.6	1266	
568.8	1261	
569.0	1255	
569.2	1250	
569.4	1244	
569.6	1239	
569.8	1234	
570.0	1230	
570.2	1224	
570.4	1219	
570.6	1213	
570.8	1208	
571.0	1203	
571.2	1198	
571.4	1193	
571.6	1188	
571.8	1183	
572.0	1179	
572.2	1174	
572.4	1169	
572.6	1164	
572.8	1158	
573.0	1153	
573.2	1148	
573.4	1143	
573.6	1138	
573.8	1133	
574.0	1128	
574.2	1123	
574.4	1118	
574.6	1113	
574.8	1107	
575.0	1102	
575.2	1097	
575.4	1093	
575.6	1088	
575.8	1083	
576.0	1078	
576.2	1073	
576.4	1068	
576.6	1063	
576.8	1058	
577.0	1053	
577.2	1048	
577.4	1043	
577.6	1038	
577.8	1034	
578.0	1029	
578.2	1024	
578.4	1020	
578.6	1015	
578.8	1010	
579.0	1005	
579.2	1000	
579.4	995.0	
579.6	989.6	
579.8	984.2	
580.0	979.1	
580.2	974.2	
580.4	969.1	
580.6	964.3	
580.8	959.7	
581.0	954.9	
581.2	950.2	
581.4	945.3	
581.6	940.3	
581.8	935.6	
582.0	931.2	
582.2	926.6	
582.4	922.0	
582.6	917.2	
582.8	912.4	
583.0	908.0	
583.2	903.6	
583.4	899.4	
583.6	895.1	
583.8	890.8	
584.0	886.3	
584.2	881.8	
584.4	877.1	
584.6	872.4	
584.8	867.7	
585.0	863.0	
585.2	858.4	
585.4	853.7	
585.6	849.2	
585.8	844.7	
586.0	840.3	
586.2	835.5	
586.4	830.7	
586.6	826.1	
586.8	822.2	
587.0	818.7	
587.2	815.1	
587.4	810.9	
587.6	806.4	
587.8	801.8	
588.0	797.6	
588.2	793.7	
588.4	789.6	
588.6	785.1	
588.8	780.7	
589.0	776.3	
589.2	772.0	
589.4	768.0	
589.6	763.9	
589.8	759.5	
590.0	755.2	
590.2	750.9	
590.4	746.6	
590.6	742.4	
590.8	738.4	
591.0	734.1	
591.2	730.0	
591.4	725.9	
591.6	721.7	
591.8	717.5	
592.0	713.6	
592.2	709.8	
592.4	706.1	
592.6	702.2	
592.8	698.2	
593.0	694.0	
593.2	690.0	
593.4	686.1	
593.6	682.2	
593.8	678.3	
594.0	674.3	
594.2	670.4	
594.4	666.5	
594.6	662.6	
594.8	658.9	
595.0	655.2	
595.2	651.4	
595.4	647.5	
595.6	643.7	
595.8	639.9	
596.0	636.1	
596.2	632.3	
596.4	628.2	
596.6	624.3	
596.8	620.7	
597.0	617.1	
597.2	613.7	
597.4	610.5	
597.6	606.9	
597.8	603.5	
598.0	600.0	
598.2	596.6	
598.4	593.1	
598.6	589.7	
598.8	586.1	
599.0	582.7	
599.2	579.6	
599.4	576.1	
599.6	572.3	
599.8	568.4	
600.0	564.4	
600.2	560.7	
600.4	557.5	
600.6	554.3	
600.8	550.8	
601.0	547.4	
601.2	544.1	
601.4	540.6	
601.6	537.2	
601.8	533.7	
602.0	529.9	
602.2	526.2	
602.4	522.7	
602.6	519.4	
602.8	516.4	
603.0	513.4	
603.2	510.2	
603.4	507.1	
603.6	503.9	
603.8	500.8	
604.0	497.7	
604.2	494.5	
604.4	491.4	
604.6	488.3	
604.8	485.4	
605.0	482.5	
605.2	479.5	
605.4	476.4	
605.6	473.5	
605.8	470.5	
606.0	467.6	
606.2	464.7	
606.4	461.7	
606.6	458.6	
606.8	455.7	
607.0	452.9	
607.2	450.2	
607.4	447.5	
607.6	444.5	
607.8	441.2	
608.0	438.0	
608.2	434.9	
608.4	431.9	
608.6	429.3	
608.8	426.7	
609.0	423.9	
609.2	421.1	
609.4	418.3	
609.6	415.4	
609.8	412.6	
610.0	409.9	
610.2	407.1	
610.4	404.3	
610.6	401.7	
610.8	399.1	
611.0	396.5	
611.2	394.0	
611.4	391.7	
611.6	389.4	
611.8	387.1	
612.0	384.6	
612.2	382.1	
612.4	379.5	
612.6	377.1	
612.8	374.6	
613.0	372.0	
613.2	369.3	
613.4	366.6	
613.6	363.9	
613.8	361.5	
614.0	359.1	
614.2	356.9	
614.4	354.6	
614.6	352.0	
614.8	349.4	
615.0	346.9	
615.2	344.4	
615.4	342.1	
615.6	339.7	
615.8	337.4	
616.0	335.1	
616.2	332.8	
616.4	330.6	
616.6	328.3	
616.8	326.0	
617.0	323.7	
617.2	321.4	
617.4	319.0	
617.6	317.0	
617.8	314.9	
618.0	312.7	
618.2	310.4	
618.4	308.1	
618.6	305.7	
618.8	303.5	
619.0	301.2	
619.2	298.9	
619.4	296.6	
619.6	294.6	
619.8	292.6	
620.0	290.6	
620.2	288.5	
620.4	286.4	
620.6	284.3	
620.8	282.5	
621.0	280.5	
621.2	278.4	
621.4	276.4	
621.6	274.2	
621.8	272.2	
622.0	270.4	
622.2	268.4	
622.4	266.3	
622.6	264.4	
622.8	262.4	
623.0	260.4	
623.2	258.6	
623.4	256.7	
623.6	254.8	
623.8	252.8	
624.0	250.8	
624.2	248.7	
624.4	246.7	
624.6	244.8	
624.8	243.0	
625.0	241.2	
625.2	239.5	
625.4	237.8	
625.6	235.9	
625.8	234.2	
626.0	232.5	
626.2	230.9	
626.4	229.3	
626.6	227.6	
626.8	225.7	
627.0	223.8	
627.2	221.8	
627.4	220.0	
627.6	218.3	
627.8	216.7	
628.0	215.2	
628.2	213.7	
628.4	212.2	
628.6	210.6	
628.8	209.0	
629.0	207.3	
629.2	205.6	
629.4	204.0	
629.6	202.4	
629.8	200.9	
630.0	199.4	
630.2	198.1	
630.4	196.7	
630.6	195.3	
630.8	193.9	
631.0	192.5	
631.2	191.1	
631.4	189.8	
631.6	188.4	
631.8	187.1	
632.0	185.8	
632.2	184.5	
632.4	183.4	
632.6	182.1	
632.8	180.7	
633.0	179.3	
633.2	177.8	
633.4	176.3	
633.6	174.7	
633.8	173.2	
634.0	171.9	
634.2	170.8	
634.4	169.7	
634.6	168.7	
634.8	167.5	
635.0	166.4	
635.2	165.1	
635.4	163.8	
635.6	162.6	
635.8	161.4	
636.0	160.2	
636.2	159.0	
636.4	157.7	
636.6	156.5	
636.8	155.2	
637.0	153.9	
637.2	152.6	
637.4	151.4	
637.6	150.3	
637.8	149.2	
638.0	148.3	
638.2	147.3	
638.4	146.2	
638.6	145.0	
638.8	143.9	
639.0	142.6	
639.2	141.5	
639.4	140.2	
639.6	139.1	
639.8	137.9	
640.0	136.8	
640.2	135.7	
640.4	134.6	
640.6	133.5	
640.8	132.5	
641.0	131.5	
641.2	130.4	
641.4	129.3	
641.6	128.3	
641.8	127.2	
642.0	126.1	
642.2	125.1	
642.4	124.2	
642.6	123.2	
642.8	122.3	
643.0	121.3	
643.2	120.3	
643.4	119.4	
643.6	118.4	
643.8	117.6	
644.0	116.7	
644.2	115.8	
644.4	115.0	
644.6	114.1	
644.8	113.2	
645.0	112.4	
645.2	111.5	
645.4	110.6	
645.6	109.6	
645.8	108.6	
646.0	107.6	
646.2	106.6	
646.4	105.7	
646.6	104.9	
646.8	104.0	
647.0	103.2	
647.2	102.5	
647.4	101.7	
647.6	100.9	
647.8	100.2	
648.0	99.38	
648.2	98.59	
648.4	97.78	
648.6	96.95	
648.8	96.17	
649.0	95.47	
649.2	94.71	
649.4	93.99	
649.6	93.17	
649.8	92.28	
650.0	91.41	
650.2	90.66	
650.4	89.99	
650.6	89.40	
650.8	88.77	
651.0	88.06	
651.2	87.33	
651.4	86.55	
651.6	85.84	
651.8	85.13	
652.0	84.43	
652.2	83.70	
652.4	82.97	
652.6	82.18	
652.8	81.45	
653.0	80.75	
653.2	80.06	
653.4	79.41	
653.6	78.73	
653.8	78.06	
654.0	77.46	
654.2	76.85	
654.4	76.17	
654.6	75.49	
654.8	74.79	
655.0	74.17	
655.2	73.65	
655.4	73.14	
655.6	72.56	
655.8	71.96	
656.0	71.34	
656.2	70.70	
656.4	70.07	
656.6	69.57	
656.8	69.09	
657.0	68.60	
657.2	68.05	
657.4	67.43	
657.6	66.83	
657.8	66.31	
658.0	65.83	
658.2	65.35	
658.4	64.84	
658.6	64.34	
658.8	63.86	
659.0	63.39	
659.2	62.86	
659.4	62.28	
659.6	61.70	
659.8	61.13	
660.0	60.57	
660.2	60.07	
660.4	59.58	
660.6	59.10	
660.8	58.70	
661.0	58.30	
661.2	57.90	
661.4	57.49	
661.6	57.03	
661.8	56.54	
662.0	56.10	
662.2	55.62	
662.4	55.14	
662.6	54.64	
662.8	54.12	
663.0	53.63	
663.2	53.20	
663.4	52.72	
663.6	52.19	
663.8	51.66	
664.0	51.16	
664.2	50.73	
664.4	50.36	
664.6	49.99	
664.8	49.61	
665.0	49.23	
665.2	48.85	
665.4	48.45	
665.6	48.09	
665.8	47.69	
666.0	47.29	
666.2	46.90	
666.4	46.54	
666.6	46.14	
666.8	45.76	
667.0	45.33	
667.2	44.84	
667.4	44.40	
667.6	44.01	
667.8	43.70	
668.0	43.41	
668.2	43.11	
668.4	42.74	
668.6	42.41	
668.8	42.06	
669.0	41.71	
669.2	41.33	
669.4	40.95	
669.6	40.60	
669.8	40.29	
670.0	39.98	
670.2	39.65	
670.4	39.30	
670.6	38.96	
670.8	38.66	
671.0	38.32	
671.2	37.98	
671.4	37.64	
671.6	37.33	
671.8	37.07	
672.0	36.81	
672.2	36.54	
672.4	36.27	
672.6	36.00	
672.8	35.68	
673.0	35.35	
673.2	34.99	
673.4	34.67	
673.6	34.37	
673.8	34.11	
674.0	33.85	
674.2	33.57	
674.4	33.30	
674.6	33.03	
674.8	32.75	
675.0	32.46	
675.2	32.10	
675.4	31.74	
675.6	31.41	
675.8	31.11	
676.0	30.87	
676.2	30.62	
676.4	30.35	
676.6	30.07	
676.8	29.81	
677.0	29.58	
677.2	29.39	
677.4	29.21	
677.6	29.02	
677.8	28.78	
678.0	28.53	
678.2	28.24	
678.4	27.97	
678.6	27.75	
678.8	27.55	
679.0	27.34	
679.2	27.16	
679.4	26.94	
679.6	26.71	
679.8	26.51	
680.0	26.33	
680.2	26.16	
680.4	26.00	
680.6	25.87	
680.8	25.72	
681.0	25.57	
681.2	25.42	
681.4	25.24	
681.6	25.03	
681.8	24.80	
682.0	24.57	
682.2	24.33	
682.4	24.14	
682.6	23.96	
682.8	23.77	
683.0	23.55	
683.2	23.38	
683.4	23.20	
683.6	23.04	
683.8	22.90	
684.0	22.73	
684.2	22.52	
684.4	22.30	
684.6	22.04	
684.8	21.77	
685.0	21.51	
685.2	21.27	
685.4	21.09	
685.6	20.88	
685.8	20.70	
686.0	20.49	
686.2	20.30	
686.4	20.15	
686.6	20.07	
686.8	19.93	
687.0	19.81	
687.2	19.65	
687.4	19.48	
687.6	19.33	
687.8	19.20	
688.0	19.10	
688.2	19.03	
688.4	18.94	
688.6	18.83	
688.8	18.69	
689.0	18.51	
689.2	18.38	
689.4	18.28	
689.6	18.18	
689.8	18.06	
690.0	17.96	
690.2	17.83	
690.4	17.70	
690.6	17.62	
690.8	17.54	
691.0	17.43	
691.2	17.31	
691.4	17.16	
691.6	16.97	
691.8	16.83	
692.0	16.71	
692.2	16.58	
692.4	16.46	
692.6	16.33	
692.8	16.17	
693.0	16.03	
693.2	15.91	
693.4	15.83	
693.6	15.75	
693.8	15.65	
694.0	15.51	
694.2	15.34	
694.4	15.17	
694.6	15.04	
694.8	14.93	
695.0	14.84	
695.2	14.75	
695.4	14.69	
695.6	14.65	
695.8	14.61	
696.0	14.56	
696.2	14.46	
696.4	14.33	
696.6	14.22	
696.8	14.15	
697.0	14.08	
697.2	14.00	
697.4	13.89	
697.6	13.76	
697.8	13.63	
698.0	13.51	
698.2	13.39	
698.4	13.28	
698.6	13.18	
698.8	13.11	
699.0	13.03	
699.2	12.95	
699.4	12.85	
699.6	12.74	
699.8	12.63	
700.0	12.53	
		
