		
nm	Data	
440.0	9999.9	
440.2	9950	
440.4	9851	
440.6	9707	
440.8	9524	
441.0	9307	
441.2	9061	
441.4	8789	
441.6	8499	
441.8	8193	
442.0	7878	
442.2	7556	
442.4	7229	
442.6	6898	
442.8	6565	
443.0	6232	
443.2	5901	
443.4	5574	
443.6	5255	
443.8	4944	
444.0	4641	
444.2	4347	
444.4	4062	
444.6	3787	
444.8	3524	
445.0	3273	
445.2	3035	
445.4	2810	
445.6	2599	
445.8	2400	
446.0	2213	
446.2	2038	
446.4	1875	
446.6	1723	
446.8	1583	
447.0	1453	
447.2	1334	
447.4	1224	
447.6	1123	
447.8	1030	
448.0	945.8	
448.2	868.9	
448.4	798.7	
448.6	735.0	
448.8	677.0	
449.0	624.3	
449.2	576.5	
449.4	533.1	
449.6	493.7	
449.8	457.9	
450.0	425.3	
450.2	395.8	
450.4	369.0	
450.6	344.6	
450.8	322.5	
451.0	302.4	
451.2	284.3	
451.4	267.9	
451.6	253.0	
451.8	239.5	
452.0	227.4	
452.2	216.4	
452.4	206.4	
452.6	197.4	
452.8	189.2	
453.0	181.9	
453.2	175.4	
453.4	169.5	
453.6	164.3	
453.8	159.6	
454.0	155.4	
454.2	151.7	
454.4	148.3	
454.6	145.3	
454.8	142.6	
455.0	140.2	
455.2	138.2	
455.4	136.4	
455.6	134.8	
455.8	133.5	
456.0	132.3	
456.2	131.3	
456.4	130.5	
456.6	130.0	
456.8	129.6	
457.0	129.3	
457.2	129.1	
457.4	128.9	
457.6	128.8	
457.8	129.0	
458.0	129.3	
458.2	129.7	
458.4	130.0	
458.6	130.3	
458.8	130.7	
459.0	131.2	
459.2	131.9	
459.4	132.8	
459.6	133.6	
459.8	134.5	
460.0	135.4	
460.2	136.2	
460.4	137.2	
460.6	138.1	
460.8	139.0	
461.0	140.0	
461.2	140.9	
461.4	142.0	
461.6	143.2	
461.8	144.5	
462.0	145.8	
462.2	147.2	
462.4	148.5	
462.6	149.9	
462.8	151.2	
463.0	152.7	
463.2	154.0	
463.4	155.3	
463.6	156.7	
463.8	158.0	
464.0	159.4	
464.2	161.0	
464.4	162.5	
464.6	164.1	
464.8	165.6	
465.0	167.1	
465.2	168.6	
465.4	170.1	
465.6	171.7	
465.8	173.3	
466.0	175.0	
466.2	176.6	
466.4	178.4	
466.6	180.3	
466.8	182.1	
467.0	183.8	
467.2	185.5	
467.4	187.3	
467.6	189.3	
467.8	191.3	
468.0	193.3	
468.2	195.0	
468.4	196.9	
468.6	199.0	
468.8	201.3	
469.0	203.7	
469.2	205.9	
469.4	208.1	
469.6	210.1	
469.8	212.2	
470.0	214.5	
470.2	216.9	
470.4	219.3	
470.6	221.7	
470.8	224.1	
471.0	226.3	
471.2	228.5	
471.4	230.7	
471.6	232.9	
471.8	235.1	
472.0	237.3	
472.2	239.6	
472.4	241.9	
472.6	244.3	
472.8	246.7	
473.0	249.3	
473.2	251.9	
473.4	254.7	
473.6	257.4	
473.8	260.0	
474.0	262.7	
474.2	265.6	
474.4	268.4	
474.6	271.2	
474.8	273.9	
475.0	276.7	
475.2	279.6	
475.4	282.6	
475.6	285.4	
475.8	288.3	
476.0	291.2	
476.2	294.0	
476.4	296.8	
476.6	299.5	
476.8	302.3	
477.0	305.0	
477.2	307.9	
477.4	310.8	
477.6	313.7	
477.8	316.6	
478.0	319.5	
478.2	322.5	
478.4	325.7	
478.6	328.9	
478.8	332.3	
479.0	335.6	
479.2	338.8	
479.4	341.8	
479.6	344.9	
479.8	348.1	
480.0	351.5	
480.2	355.1	
480.4	358.7	
480.6	362.2	
480.8	365.6	
481.0	369.2	
481.2	372.8	
481.4	376.6	
481.6	380.3	
481.8	383.7	
482.0	387.0	
482.2	390.4	
482.4	394.0	
482.6	398.0	
482.8	402.1	
483.0	406.1	
483.2	410.1	
483.4	414.1	
483.6	418.3	
483.8	422.6	
484.0	427.0	
484.2	431.2	
484.4	435.5	
484.6	439.9	
484.8	444.5	
485.0	449.0	
485.2	453.6	
485.4	458.0	
485.6	462.2	
485.8	466.6	
486.0	470.8	
486.2	475.1	
486.4	479.6	
486.6	484.2	
486.8	488.9	
487.0	493.5	
487.2	498.2	
487.4	503.1	
487.6	508.2	
487.8	513.3	
488.0	518.3	
488.2	523.1	
488.4	528.1	
488.6	533.2	
488.8	538.4	
489.0	543.7	
489.2	549.0	
489.4	554.2	
489.6	559.4	
489.8	564.6	
490.0	570.0	
490.2	575.7	
490.4	581.3	
490.6	586.8	
490.8	592.4	
491.0	597.8	
491.2	603.4	
491.4	609.2	
491.6	614.9	
491.8	620.7	
492.0	626.6	
492.2	632.4	
492.4	638.1	
492.6	643.8	
492.8	649.3	
493.0	655.2	
493.2	661.3	
493.4	667.4	
493.6	673.4	
493.8	679.2	
494.0	685.0	
494.2	690.8	
494.4	696.7	
494.6	702.9	
494.8	709.1	
495.0	715.3	
495.2	721.7	
495.4	727.9	
495.6	734.1	
495.8	740.2	
496.0	746.5	
496.2	752.7	
496.4	759.2	
496.6	765.6	
496.8	772.1	
497.0	778.6	
497.2	784.8	
497.4	790.8	
497.6	796.6	
497.8	802.4	
498.0	808.3	
498.2	814.6	
498.4	820.8	
498.6	827.0	
498.8	833.2	
499.0	839.5	
499.2	845.9	
499.4	852.5	
499.6	859.3	
499.8	866.3	
500.0	873.4	
500.2	880.5	
500.4	887.4	
500.6	894.1	
500.8	900.7	
501.0	907.4	
501.2	914.1	
501.4	920.8	
501.6	927.7	
501.8	934.4	
502.0	940.8	
502.2	947.4	
502.4	953.9	
502.6	960.4	
502.8	967.1	
503.0	974.1	
503.2	980.9	
503.4	987.8	
503.6	994.8	
503.8	1002	
504.0	1009	
504.2	1016	
504.4	1023	
504.6	1029	
504.8	1036	
505.0	1043	
505.2	1050	
505.4	1057	
505.6	1064	
505.8	1071	
506.0	1077	
506.2	1084	
506.4	1091	
506.6	1098	
506.8	1105	
507.0	1112	
507.2	1118	
507.4	1125	
507.6	1132	
507.8	1139	
508.0	1146	
508.2	1153	
508.4	1160	
508.6	1167	
508.8	1174	
509.0	1181	
509.2	1188	
509.4	1195	
509.6	1202	
509.8	1209	
510.0	1216	
510.2	1223	
510.4	1230	
510.6	1237	
510.8	1244	
511.0	1251	
511.2	1258	
511.4	1265	
511.6	1273	
511.8	1280	
512.0	1286	
512.2	1293	
512.4	1300	
512.6	1306	
512.8	1313	
513.0	1321	
513.2	1327	
513.4	1334	
513.6	1340	
513.8	1346	
514.0	1353	
514.2	1359	
514.4	1366	
514.6	1372	
514.8	1379	
515.0	1386	
515.2	1392	
515.4	1398	
515.6	1405	
515.8	1412	
516.0	1419	
516.2	1425	
516.4	1431	
516.6	1437	
516.8	1443	
517.0	1450	
517.2	1457	
517.4	1464	
517.6	1471	
517.8	1478	
518.0	1484	
518.2	1490	
518.4	1496	
518.6	1502	
518.8	1508	
519.0	1513	
519.2	1519	
519.4	1525	
519.6	1532	
519.8	1538	
520.0	1545	
520.2	1550	
520.4	1556	
520.6	1561	
520.8	1567	
521.0	1572	
521.2	1578	
521.4	1583	
521.6	1588	
521.8	1593	
522.0	1598	
522.2	1603	
522.4	1608	
522.6	1614	
522.8	1619	
523.0	1623	
523.2	1628	
523.4	1632	
523.6	1637	
523.8	1641	
524.0	1646	
524.2	1650	
524.4	1654	
524.6	1659	
524.8	1663	
525.0	1668	
525.2	1672	
525.4	1676	
525.6	1679	
525.8	1683	
526.0	1687	
526.2	1691	
526.4	1695	
526.6	1698	
526.8	1702	
527.0	1705	
527.2	1709	
527.4	1712	
527.6	1716	
527.8	1719	
528.0	1722	
528.2	1724	
528.4	1727	
528.6	1729	
528.8	1731	
529.0	1733	
529.2	1736	
529.4	1739	
529.6	1742	
529.8	1745	
530.0	1747	
530.2	1749	
530.4	1750	
530.6	1752	
530.8	1754	
531.0	1756	
531.2	1757	
531.4	1758	
531.6	1760	
531.8	1761	
532.0	1762	
532.2	1763	
532.4	1763	
532.6	1764	
532.8	1765	
533.0	1765	
533.2	1766	
533.4	1766	
533.6	1766	
533.8	1767	
534.0	1767	
534.2	1767	
534.4	1767	
534.6	1766	
534.8	1766	
535.0	1766	
535.2	1765	
535.4	1765	
535.6	1764	
535.8	1764	
536.0	1763	
536.2	1763	
536.4	1763	
536.6	1762	
536.8	1761	
537.0	1760	
537.2	1758	
537.4	1757	
537.6	1755	
537.8	1753	
538.0	1752	
538.2	1751	
538.4	1749	
538.6	1748	
538.8	1745	
539.0	1743	
539.2	1741	
539.4	1739	
539.6	1737	
539.8	1735	
540.0	1733	
540.2	1731	
540.4	1728	
540.6	1727	
540.8	1725	
541.0	1723	
541.2	1721	
541.4	1718	
541.6	1714	
541.8	1711	
542.0	1709	
542.2	1706	
542.4	1704	
542.6	1701	
542.8	1699	
543.0	1697	
543.2	1695	
543.4	1693	
543.6	1690	
543.8	1687	
544.0	1683	
544.2	1680	
544.4	1676	
544.6	1672	
544.8	1668	
545.0	1664	
545.2	1661	
545.4	1657	
545.6	1653	
545.8	1650	
546.0	1647	
546.2	1644	
546.4	1641	
546.6	1638	
546.8	1634	
547.0	1630	
547.2	1626	
547.4	1622	
547.6	1619	
547.8	1615	
548.0	1611	
548.2	1607	
548.4	1603	
548.6	1599	
548.8	1595	
549.0	1590	
549.2	1586	
549.4	1582	
549.6	1578	
549.8	1574	
550.0	1570	
550.2	1566	
550.4	1561	
550.6	1557	
550.8	1553	
551.0	1549	
551.2	1545	
551.4	1541	
551.6	1538	
551.8	1534	
552.0	1531	
552.2	1527	
552.4	1523	
552.6	1519	
552.8	1515	
553.0	1510	
553.2	1506	
553.4	1502	
553.6	1498	
553.8	1494	
554.0	1489	
554.2	1485	
554.4	1481	
554.6	1476	
554.8	1472	
555.0	1467	
555.2	1463	
555.4	1458	
555.6	1454	
555.8	1449	
556.0	1445	
556.2	1441	
556.4	1436	
556.6	1432	
556.8	1428	
557.0	1424	
557.2	1420	
557.4	1415	
557.6	1411	
557.8	1407	
558.0	1403	
558.2	1399	
558.4	1395	
558.6	1391	
558.8	1387	
559.0	1382	
559.2	1378	
559.4	1373	
559.6	1370	
559.8	1365	
560.0	1361	
560.2	1357	
560.4	1352	
560.6	1347	
560.8	1343	
561.0	1338	
561.2	1333	
561.4	1328	
561.6	1324	
561.8	1319	
562.0	1314	
562.2	1309	
562.4	1304	
562.6	1300	
562.8	1296	
563.0	1291	
563.2	1287	
563.4	1282	
563.6	1277	
563.8	1272	
564.0	1267	
564.2	1263	
564.4	1259	
564.6	1255	
564.8	1250	
565.0	1246	
565.2	1241	
565.4	1236	
565.6	1231	
565.8	1227	
566.0	1221	
566.2	1217	
566.4	1212	
566.6	1208	
566.8	1204	
567.0	1199	
567.2	1194	
567.4	1189	
567.6	1184	
567.8	1180	
568.0	1175	
568.2	1171	
568.4	1167	
568.6	1162	
568.8	1158	
569.0	1153	
569.2	1148	
569.4	1144	
569.6	1139	
569.8	1134	
570.0	1129	
570.2	1125	
570.4	1120	
570.6	1115	
570.8	1110	
571.0	1105	
571.2	1100	
571.4	1096	
571.6	1091	
571.8	1087	
572.0	1083	
572.2	1078	
572.4	1073	
572.6	1069	
572.8	1064	
573.0	1059	
573.2	1054	
573.4	1050	
573.6	1045	
573.8	1040	
574.0	1036	
574.2	1032	
574.4	1028	
574.6	1023	
574.8	1019	
575.0	1014	
575.2	1009	
575.4	1005	
575.6	999.7	
575.8	994.9	
576.0	990.3	
576.2	985.8	
576.4	981.3	
576.6	976.8	
576.8	972.5	
577.0	968.3	
577.2	964.0	
577.4	959.7	
577.6	955.3	
577.8	950.8	
578.0	946.5	
578.2	942.1	
578.4	937.5	
578.6	933.1	
578.8	928.6	
579.0	924.1	
579.2	919.8	
579.4	915.4	
579.6	911.0	
579.8	906.5	
580.0	902.0	
580.2	897.7	
580.4	893.6	
580.6	889.4	
580.8	884.7	
581.0	879.9	
581.2	875.1	
581.4	870.6	
581.6	866.4	
581.8	862.1	
582.0	857.8	
582.2	853.9	
582.4	849.9	
582.6	846.0	
582.8	841.9	
583.0	837.5	
583.2	833.1	
583.4	828.7	
583.6	824.4	
583.8	820.3	
584.0	816.4	
584.2	812.3	
584.4	808.2	
584.6	804.0	
584.8	799.9	
585.0	795.8	
585.2	791.7	
585.4	787.4	
585.6	783.3	
585.8	778.9	
586.0	774.7	
586.2	770.6	
586.4	766.4	
586.6	762.4	
586.8	758.4	
587.0	754.4	
587.2	750.5	
587.4	746.9	
587.6	743.2	
587.8	739.5	
588.0	735.3	
588.2	731.2	
588.4	727.2	
588.6	723.4	
588.8	719.7	
589.0	716.0	
589.2	712.2	
589.4	708.2	
589.6	704.2	
589.8	700.3	
590.0	696.2	
590.2	692.1	
590.4	687.8	
590.6	683.5	
590.8	679.4	
591.0	675.6	
591.2	671.8	
591.4	668.1	
591.6	664.4	
591.8	660.4	
592.0	656.4	
592.2	652.3	
592.4	648.6	
592.6	645.1	
592.8	641.9	
593.0	638.5	
593.2	635.0	
593.4	631.3	
593.6	627.6	
593.8	623.8	
594.0	620.2	
594.2	616.6	
594.4	613.2	
594.6	609.7	
594.8	606.1	
595.0	602.4	
595.2	598.7	
595.4	595.1	
595.6	591.7	
595.8	588.4	
596.0	585.0	
596.2	581.6	
596.4	578.2	
596.6	574.8	
596.8	571.3	
597.0	567.8	
597.2	564.2	
597.4	560.8	
597.6	557.3	
597.8	554.0	
598.0	550.7	
598.2	547.4	
598.4	544.1	
598.6	540.9	
598.8	537.8	
599.0	534.8	
599.2	532.0	
599.4	529.0	
599.6	525.8	
599.8	522.4	
600.0	519.0	
600.2	516.0	
600.4	512.9	
600.6	509.5	
600.8	506.2	
601.0	502.8	
601.2	499.5	
601.4	496.3	
601.6	493.0	
601.8	489.7	
602.0	486.6	
602.2	483.5	
602.4	480.6	
602.6	477.7	
602.8	474.8	
603.0	471.9	
603.2	469.1	
603.4	466.2	
603.6	463.4	
603.8	460.4	
604.0	457.6	
604.2	454.7	
604.4	452.0	
604.6	449.3	
604.8	446.6	
605.0	443.9	
605.2	441.2	
605.4	438.2	
605.6	435.2	
605.8	432.1	
606.0	429.3	
606.2	426.7	
606.4	424.0	
606.6	421.2	
606.8	418.4	
607.0	415.4	
607.2	412.7	
607.4	410.2	
607.6	407.7	
607.8	405.5	
608.0	403.1	
608.2	400.7	
608.4	398.2	
608.6	395.7	
608.8	393.3	
609.0	390.9	
609.2	388.4	
609.4	385.9	
609.6	383.3	
609.8	380.6	
610.0	377.7	
610.2	375.0	
610.4	372.3	
610.6	369.8	
610.8	367.2	
611.0	364.8	
611.2	362.3	
611.4	359.7	
611.6	357.1	
611.8	354.5	
612.0	352.1	
612.2	350.0	
612.4	348.0	
612.6	345.9	
612.8	343.8	
613.0	341.7	
613.2	339.4	
613.4	337.0	
613.6	334.6	
613.8	332.3	
614.0	330.1	
614.2	328.0	
614.4	325.8	
614.6	323.7	
614.8	321.6	
615.0	319.6	
615.2	317.6	
615.4	315.5	
615.6	313.3	
615.8	311.2	
616.0	309.0	
616.2	306.9	
616.4	304.7	
616.6	302.7	
616.8	300.6	
617.0	298.5	
617.2	296.4	
617.4	294.4	
617.6	292.4	
617.8	290.3	
618.0	288.0	
618.2	285.6	
618.4	283.2	
618.6	280.8	
618.8	278.6	
619.0	276.3	
619.2	274.2	
619.4	272.4	
619.6	270.6	
619.8	269.0	
620.0	267.2	
620.2	265.2	
620.4	263.0	
620.6	260.9	
620.8	258.9	
621.0	257.1	
621.2	255.2	
621.4	253.5	
621.6	251.8	
621.8	250.2	
622.0	248.6	
622.2	246.8	
622.4	245.0	
622.6	243.2	
622.8	241.4	
623.0	239.5	
623.2	237.5	
623.4	235.5	
623.6	233.8	
623.8	232.0	
624.0	230.4	
624.2	228.7	
624.4	227.0	
624.6	225.2	
624.8	223.6	
625.0	222.0	
625.2	220.4	
625.4	218.9	
625.6	217.5	
625.8	215.9	
626.0	214.3	
626.2	212.7	
626.4	211.2	
626.6	209.6	
626.8	207.9	
627.0	206.1	
627.2	204.4	
627.4	202.7	
627.6	201.2	
627.8	199.8	
628.0	198.3	
628.2	196.8	
628.4	195.3	
628.6	193.7	
628.8	192.2	
629.0	190.7	
629.2	189.2	
629.4	187.9	
629.6	186.5	
629.8	185.2	
630.0	183.8	
630.2	182.3	
630.4	180.8	
630.6	179.4	
630.8	178.1	
631.0	176.8	
631.2	175.5	
631.4	174.3	
631.6	172.9	
631.8	171.8	
632.0	170.6	
632.2	169.4	
632.4	168.3	
632.6	167.1	
632.8	165.9	
633.0	164.8	
633.2	163.5	
633.4	162.2	
633.6	160.9	
633.8	159.8	
634.0	158.6	
634.2	157.4	
634.4	156.2	
634.6	155.0	
634.8	153.8	
635.0	152.8	
635.2	151.7	
635.4	150.8	
635.6	149.8	
635.8	148.9	
636.0	147.8	
636.2	146.6	
636.4	145.3	
636.6	144.1	
636.8	142.9	
637.0	141.8	
637.2	140.8	
637.4	139.8	
637.6	138.8	
637.8	137.8	
638.0	136.7	
638.2	135.7	
638.4	134.7	
638.6	133.6	
638.8	132.5	
639.0	131.4	
639.2	130.2	
639.4	129.1	
639.6	128.2	
639.8	127.2	
640.0	126.3	
640.2	125.3	
640.4	124.3	
640.6	123.3	
640.8	122.3	
641.0	121.2	
641.2	120.2	
641.4	119.2	
641.6	118.3	
641.8	117.5	
642.0	116.7	
642.2	115.8	
642.4	114.8	
642.6	113.9	
642.8	112.9	
643.0	112.1	
643.2	111.4	
643.4	110.6	
643.6	109.8	
643.8	109.0	
644.0	108.2	
644.2	107.3	
644.4	106.5	
644.6	105.7	
644.8	104.8	
645.0	104.0	
645.2	103.1	
645.4	102.2	
645.6	101.3	
645.8	100.4	
646.0	99.45	
646.2	98.52	
646.4	97.59	
646.6	96.78	
646.8	96.07	
647.0	95.41	
647.2	94.77	
647.4	94.10	
647.6	93.35	
647.8	92.60	
648.0	91.83	
648.2	91.07	
648.4	90.35	
648.6	89.67	
648.8	88.98	
649.0	88.32	
649.2	87.67	
649.4	87.01	
649.6	86.32	
649.8	85.62	
650.0	84.90	
650.2	84.14	
650.4	83.41	
650.6	82.65	
650.8	81.90	
651.0	81.20	
651.2	80.57	
651.4	79.87	
651.6	79.15	
651.8	78.46	
652.0	77.79	
652.2	77.18	
652.4	76.61	
652.6	75.95	
652.8	75.26	
653.0	74.61	
653.2	73.97	
653.4	73.35	
653.6	72.75	
653.8	72.19	
654.0	71.64	
654.2	71.06	
654.4	70.45	
654.6	69.80	
654.8	69.15	
655.0	68.56	
655.2	67.96	
655.4	67.31	
655.6	66.71	
655.8	66.16	
656.0	65.62	
656.2	65.11	
656.4	64.62	
656.6	64.07	
656.8	63.53	
657.0	62.96	
657.2	62.40	
657.4	61.89	
657.6	61.43	
657.8	60.99	
658.0	60.50	
658.2	59.92	
658.4	59.33	
658.6	58.78	
658.8	58.32	
659.0	57.96	
659.2	57.61	
659.4	57.20	
659.6	56.79	
659.8	56.37	
660.0	55.97	
660.2	55.51	
660.4	55.04	
660.6	54.54	
660.8	54.09	
661.0	53.64	
661.2	53.24	
661.4	52.82	
661.6	52.38	
661.8	51.92	
662.0	51.51	
662.2	51.11	
662.4	50.75	
662.6	50.39	
662.8	49.98	
663.0	49.55	
663.2	49.08	
663.4	48.60	
663.6	48.17	
663.8	47.77	
664.0	47.41	
664.2	47.06	
664.4	46.67	
664.6	46.31	
664.8	45.96	
665.0	45.60	
665.2	45.28	
665.4	44.91	
665.6	44.51	
665.8	44.10	
666.0	43.68	
666.2	43.29	
666.4	42.95	
666.6	42.58	
666.8	42.19	
667.0	41.84	
667.2	41.49	
667.4	41.14	
667.6	40.84	
667.8	40.51	
668.0	40.18	
668.2	39.81	
668.4	39.45	
668.6	39.10	
668.8	38.80	
669.0	38.55	
669.2	38.29	
669.4	37.99	
669.6	37.69	
669.8	37.33	
670.0	36.93	
670.2	36.56	
670.4	36.21	
670.6	35.89	
670.8	35.63	
671.0	35.38	
671.2	35.11	
671.4	34.85	
671.6	34.56	
671.8	34.26	
672.0	33.96	
672.2	33.72	
672.4	33.48	
672.6	33.19	
672.8	32.89	
673.0	32.61	
673.2	32.33	
673.4	32.09	
673.6	31.84	
673.8	31.55	
674.0	31.31	
674.2	31.04	
674.4	30.75	
674.6	30.48	
674.8	30.22	
675.0	29.99	
675.2	29.75	
675.4	29.49	
675.6	29.24	
675.8	29.01	
676.0	28.82	
676.2	28.65	
676.4	28.47	
676.6	28.29	
676.8	28.09	
677.0	27.87	
677.2	27.63	
677.4	27.39	
677.6	27.18	
677.8	26.98	
678.0	26.76	
678.2	26.54	
678.4	26.32	
678.6	26.11	
678.8	25.94	
679.0	25.74	
679.2	25.51	
679.4	25.31	
679.6	25.12	
679.8	24.96	
680.0	24.77	
680.2	24.55	
680.4	24.32	
680.6	24.13	
680.8	23.94	
681.0	23.75	
681.2	23.52	
681.4	23.27	
681.6	23.05	
681.8	22.85	
682.0	22.67	
682.2	22.50	
682.4	22.35	
682.6	22.15	
682.8	21.95	
683.0	21.73	
683.2	21.54	
683.4	21.36	
683.6	21.24	
683.8	21.08	
684.0	20.91	
684.2	20.75	
684.4	20.59	
684.6	20.45	
684.8	20.33	
685.0	20.15	
685.2	19.98	
685.4	19.85	
685.6	19.75	
685.8	19.65	
686.0	19.51	
686.2	19.31	
686.4	19.12	
686.6	18.94	
686.8	18.79	
687.0	18.61	
687.2	18.43	
687.4	18.29	
687.6	18.18	
687.8	18.03	
688.0	17.88	
688.2	17.70	
688.4	17.52	
688.6	17.39	
688.8	17.26	
689.0	17.15	
689.2	17.05	
689.4	16.94	
689.6	16.81	
689.8	16.70	
690.0	16.54	
690.2	16.40	
690.4	16.28	
690.6	16.16	
690.8	16.05	
691.0	15.95	
691.2	15.84	
691.4	15.74	
691.6	15.65	
691.8	15.57	
692.0	15.49	
692.2	15.39	
692.4	15.26	
692.6	15.13	
692.8	14.99	
693.0	14.90	
693.2	14.82	
693.4	14.73	
693.6	14.66	
693.8	14.58	
694.0	14.47	
694.2	14.39	
694.4	14.31	
694.6	14.23	
694.8	14.15	
695.0	14.05	
695.2	13.95	
695.4	13.89	
695.6	13.84	
695.8	13.79	
696.0	13.73	
696.2	13.67	
696.4	13.57	
696.6	13.50	
696.8	13.45	
697.0	13.39	
697.2	13.31	
697.4	13.21	
697.6	13.07	
697.8	12.98	
698.0	12.91	
698.2	12.83	
698.4	12.74	
698.6	12.65	
698.8	12.57	
699.0	12.51	
699.2	12.47	
699.4	12.44	
699.6	12.40	
699.8	12.36	
700.0	12.35	
		
